timestep     pacman_x     pacman_y     pacman_xdir     pacman_ydir     eat_mode_active     ghost1_x     ghost1_y     ghost2_x     ghost2_y     ghost3_x     ghost3_y     ghost4_x     ghost4_y
0            15           24           -1              0               0                   15           14           14           15           12           15           16           15      
1            15           24           -1              0               0                   15           13           15           15           13           15           17           15      
2            14           24           -1              0               0                   15           13           15           15           13           15           17           15      
3            14           24           -1              0               0                   14           12           16           15           14           15           17           14      
4            13           24           -1              0               0                   14           12           16           15           14           15           17           14      
5            13           24           -1              0               0                   14           11           17           15           15           15           17           13      
6            12           24           -1              0               0                   14           11           17           15           15           15           17           13      
7            12           24           -1              0               0                   13           11           17           14           16           15           16           13      
8            11           24           -1              0               0                   13           11           17           14           16           15           16           13      
9            11           24           -1              0               0                   12           11           17           13           17           15           15           13      
10           10           24           -1              0               0                   12           11           17           13           17           15           15           13      
11           10           24           -1              0               0                   11           11           16           13           17           14           14           13      
12           9            24           -1              0               0                   11           11           16           13           17           14           14           13      
13           9            24           0               1               0                   11           11           16           13           17           14           14           13      
14           9            24           0               1               0                   10           11           15           13           17           13           13           13      
15           9            25           0               1               0                   10           11           15           13           17           13           13           13      
16           9            25           0               1               0                   9            11           14           12           16           13           12           13      
17           9            26           0               1               0                   9            11           14           12           16           13           12           13      
18           9            27           0               1               0                   9            12           14           11           15           13           12           14      
19           9            27           1               0               0                   9            12           14           11           15           13           12           14      
20           10           27           1               0               0                   9            13           13           11           14           13           12           15      
21           11           27           1               0               0                   9            14           12           11           13           13           13           15      
22           12           27           1               0               0                   9            15           11           11           12           13           14           15      
23           13           27           1               0               0                   9            16           10           11           12           14           15           15      
24           13           27           0               1               0                   9            16           10           11           12           14           15           15      
25           13           28           0               1               0                   9            17           9            11           12           15           16           15      
26           13           29           0               1               0                   9            17           9            11           12           15           16           15      
27           13           29           0               1               0                   9            18           9            12           13           15           17           15      
28           13           30           0               1               0                   9            19           9            13           14           15           17           14      
29           13           30           1               0               0                   9            19           9            13           14           15           17           14      
30           14           30           1               0               0                   9            20           9            14           15           15           17           13      
31           15           30           1               0               0                   9            21           9            15           16           15           16           13      
32           16           30           1               0               0                   10           21           9            16           17           15           15           13      
33           16           30           0               -1              0                   10           21           9            16           17           15           15           13      
34           16           29           0               -1              0                   11           21           9            17           17           14           14           13      
35           16           28           0               -1              0                   12           21           9            18           17           13           13           13      
36           16           27           0               -1              0                   13           21           10           18           16           13           12           13      
37           16           27           1               0               0                   13           21           10           18           16           13           12           13      
38           17           27           1               0               0                   13           22           11           18           15           13           12           14      
39           18           27           1               0               0                   13           23           12           18           14           12           12           15      
40           19           27           1               0               0                   13           24           13           18           14           11           13           15      
41           20           27           1               0               0                   14           24           14           18           15           11           14           15      
42           20           27           0               -1              0                   14           24           14           18           15           11           14           15      
43           20           27           0               -1              0                   15           24           15           18           16           11           15           15      
44           20           26           0               -1              0                   15           24           15           18           16           11           15           15      
45           20           26           0               -1              0                   16           24           16           18           17           11           16           15      
46           20           25           0               -1              0                   16           24           16           18           17           11           16           15      
47           20           25           0               -1              0                   17           24           17           18           18           11           17           15      
48           20           24           0               -1              0                   17           24           17           18           18           11           17           15      
49           20           24           1               0               0                   17           24           17           18           18           11           17           15      
50           20           24           1               0               0                   18           24           18           18           19           11           17           14      
51           21           24           1               0               0                   18           24           18           18           19           11           17           14      
52           21           24           1               0               0                   19           24           19           18           20           11           17           13      
53           22           24           1               0               0                   19           24           19           18           20           11           17           13      
54           22           24           1               0               0                   20           24           20           18           20           12           16           13      
55           23           24           1               0               0                   20           24           20           18           20           12           16           13      
56           23           24           0               1               0                   20           24           20           18           20           12           16           13      
57           23           25           0               1               0                   21           24           20           19           20           13           15           13      
58           23           26           0               1               0                   22           24           20           20           20           14           14           12      
59           23           27           0               1               0                   22           24           20           20           20           14           14           12      
60           23           27           1               0               0                   23           24           20           21           21           14           14           11      
61           24           27           1               0               0                   23           24           20           21           21           14           14           11      
62           24           27           1               0               0                   23           25           21           21           22           14           15           11      
63           25           27           1               0               0                   23           25           21           21           22           14           15           11      
64           25           27           1               0               0                   23           26           22           21           23           14           16           11      
65           26           27           1               0               0                   23           26           22           21           23           14           16           11      
66           26           27           0               -1              0                   23           27           23           21           23           15           17           11      
67           26           26           0               -1              0                   23           27           23           21           23           15           17           11      
68           26           26           0               -1              0                   24           27           23           20           23           16           18           11      
69           26           25           0               -1              0                   24           27           23           20           23           16           18           11      
70           26           25           0               -1              0                   25           27           23           19           23           17           19           11      
71           26           24           0               -1              0                   25           27           23           19           23           17           19           11      
72           26           24           1               0               0                   26           27           23           18           23           18           20           11      
73           27           24           1               0               0                   26           27           23           18           23           18           20           11      
74           27           24           1               0               0                   27           27           23           17           23           19           20           12      
75           28           24           1               0               1                   27           27           23           17           23           19           20           12      
76           28           24           0               -1              1                   27           27           23           17           23           19           20           12      
77           28           23           0               -1              1                   27           27           23           17           23           19           20           12      
78           28           22           0               -1              1                   27           27           23           17           23           19           20           12      
79           28           22           0               -1              1                   28           27           23           16           23           20           20           13      
80           28           21           0               -1              1                   28           27           23           16           23           20           20           13      
81           28           21           -1              0               1                   28           27           23           16           23           20           20           13      
82           27           21           -1              0               1                   28           27           23           16           23           20           20           13      
83           26           21           -1              0               1                   28           28           23           15           23           21           20           14      
84           25           21           -1              0               1                   28           28           23           15           23           21           20           14      
85           25           21           -1              0               1                   28           28           23           15           12           15           20           14      
86           24           21           -1              0               1                   28           28           23           15           12           15           20           14      
87           24           21           -1              0               1                   28           29           23           14           13           15           21           14      
88           23           21           -1              0               1                   28           29           23           14           13           15           21           14      
89           23           21           0               1               1                   28           29           23           14           13           15           21           14      
90           23           21           0               1               1                   28           29           23           14           14           15           21           14      
91           23           22           0               1               1                   28           29           23           14           14           15           21           14      
92           23           22           0               1               1                   28           29           23           14           15           15           21           14      
93           23           23           0               1               1                   28           29           23           14           15           15           21           14      
94           23           23           0               1               1                   28           30           22           14           16           15           22           14      
95           23           24           0               1               1                   28           30           22           14           16           15           22           14      
96           23           24           0               1               1                   28           30           22           14           17           15           22           14      
97           23           25           0               1               1                   28           30           22           14           17           15           22           14      
98           23           25           0               1               1                   28           30           22           14           17           14           22           14      
99           23           26           0               1               1                   28           30           22           14           17           14           22           14      
100          23           26           0               1               1                   27           30           21           14           17           14           23           14      
101          23           26           0               1               1                   27           30           21           14           17           13           23           14      
102          23           27           0               1               1                   27           30           21           14           17           13           23           14      
103          23           27           1               0               1                   27           30           21           14           17           13           23           14      
104          23           27           1               0               1                   27           30           21           14           16           13           23           14      
105          24           27           1               0               1                   27           30           21           14           16           13           23           14      
106          24           27           1               0               1                   27           30           21           14           15           13           23           14      
107          25           27           1               0               1                   26           30           20           14           15           13           23           13      
108          25           27           1               0               1                   26           30           20           14           14           13           23           13      
109          26           27           1               0               1                   26           30           20           14           14           13           23           13      
110          26           27           1               0               1                   26           30           20           14           13           13           23           13      
111          27           27           1               0               1                   26           30           20           14           13           13           23           13      
112          27           27           1               0               1                   26           30           20           14           12           13           23           13      
113          27           27           1               0               1                   25           30           20           13           12           13           23           12      
114          28           27           1               0               1                   25           30           20           13           12           13           23           12      
115          28           27           0               1               1                   25           30           20           13           12           14           23           12      
116          28           28           0               1               1                   25           30           20           13           12           14           23           12      
117          28           28           0               1               1                   25           30           20           13           12           15           23           12      
118          28           29           0               1               1                   25           30           20           13           12           15           23           12      
119          28           29           0               1               1                   25           30           20           13           13           15           23           12      
120          28           29           0               1               1                   24           30           20           12           13           15           23           11      
121          28           30           0               1               1                   24           30           20           12           13           15           23           11      
122          28           30           -1              0               1                   24           30           20           12           14           15           23           11      
123          27           30           -1              0               1                   24           30           20           12           14           15           23           11      
124          27           30           -1              0               1                   24           30           20           12           15           15           23           11      
125          26           30           -1              0               1                   24           30           20           12           15           15           23           11      
126          26           30           -1              0               1                   24           30           20           12           16           15           23           11      
127          26           30           -1              0               1                   23           30           20           11           16           15           23           10      
128          25           30           -1              0               1                   23           30           20           11           16           15           23           10      
129          25           30           -1              0               1                   23           30           20           11           17           15           23           10      
130          24           30           -1              0               1                   23           30           20           11           17           15           23           10      
131          24           30           -1              0               1                   15           14           20           11           17           14           23           10      
132          23           30           -1              0               1                   15           14           20           11           17           14           23           10      
133          23           30           -1              0               1                   15           13           19           11           17           13           23           9       
134          22           30           -1              0               1                   15           13           19           11           17           13           23           9       
135          22           30           -1              0               1                   14           13           19           11           16           13           23           9       
136          21           30           -1              0               1                   14           13           19           11           16           13           23           9       
137          21           30           -1              0               1                   13           13           19           11           15           13           23           9       
138          20           30           -1              0               1                   13           13           19           11           15           13           23           9       
139          20           30           -1              0               1                   12           13           18           11           14           13           23           8       
140          19           30           -1              0               1                   12           13           18           11           14           13           23           8       
141          19           30           -1              0               1                   12           14           18           11           13           13           23           8       
142          18           30           -1              0               1                   12           15           18           11           12           13           23           8       
143          18           30           -1              0               1                   12           15           17           11           12           13           24           8       
144          17           30           -1              0               1                   13           15           17           11           12           14           24           8       
145          16           30           -1              0               1                   14           15           17           11           12           15           24           8       
146          15           30           -1              0               1                   15           15           17           11           13           15           24           8       
147          15           30           -1              0               1                   15           15           16           11           13           15           25           8       
148          14           30           -1              0               1                   16           15           16           11           14           15           25           8       
149          13           30           -1              0               1                   17           15           16           11           15           15           25           8       
150          12           30           -1              0               1                   17           14           16           11           15           15           25           8       
151          12           30           -1              0               1                   17           14           16           11           16           15           25           8       
152          12           30           -1              0               1                   17           14           16           10           16           15           26           8       
153          11           30           -1              0               1                   17           13           16           10           17           15           26           8       
154          10           30           -1              0               1                   16           13           16           10           17           14           26           8       
155          9            30           -1              0               1                   15           13           16           10           17           13           26           8       
156          9            30           -1              0               1                   15           13           16           9            17           13           27           8       
157          8            30           -1              0               1                   15           13           16           9            16           13           27           8       
158          8            30           -1              0               1                   14           12           16           9            16           13           27           8       
159          7            30           -1              0               1                   14           12           16           9            15           13           27           8       
160          7            30           -1              0               1                   14           11           16           9            15           13           27           8       
161          6            30           -1              0               1                   14           11           16           9            14           12           27           8       
162          6            30           -1              0               1                   13           11           16           8            14           12           28           8       
163          5            30           -1              0               1                   13           11           16           8            14           11           28           8       
164          5            30           -1              0               1                   12           11           16           8            14           11           28           8       
165          4            30           -1              0               1                   12           11           16           8            13           11           28           8       
166          4            30           -1              0               1                   11           11           16           8            13           11           28           8       
167          3            30           -1              0               1                   11           11           17           8            12           11           28           7       
168          3            30           -1              0               1                   10           11           17           8            12           11           28           7       
169          2            30           -1              0               1                   10           11           17           8            11           11           28           7       
170          2            30           -1              0               1                   9            11           17           8            11           11           28           7       
171          1            30           -1              0               1                   9            11           17           8            10           11           28           7       
172          1            30           0               -1              1                   9            11           17           8            10           11           28           7       
173          1            30           0               -1              1                   9            12           17           8            10           11           28           7       
174          1            29           0               -1              1                   9            12           18           8            9            11           28           6       
175          1            29           0               -1              1                   9            13           18           8            9            11           28           6       
176          1            28           0               -1              1                   9            13           18           8            9            12           28           6       
177          1            28           0               -1              1                   9            14           18           8            9            12           28           6       
178          1            27           0               -1              1                   9            14           18           8            9            13           28           6       
179          1            27           1               0               1                   9            14           18           8            9            13           28           6       
180          1            27           1               0               1                   9            15           18           8            9            13           28           6       
181          1            27           1               0               1                   9            15           19           8            9            13           28           5       
182          2            27           1               0               1                   9            15           19           8            9            14           28           5       
183          2            27           1               0               1                   9            16           19           8            9            14           28           5       
184          3            27           1               0               1                   9            16           19           8            8            14           28           5       
185          3            27           1               0               1                   9            17           19           8            8            14           28           5       
186          4            27           1               0               1                   9            17           19           8            7            14           28           5       
187          4            27           1               0               1                   9            18           19           8            7            14           28           5       
188          4            27           1               0               1                   9            18           20           8            7            14           28           4       
189          5            27           1               0               1                   9            18           20           8            6            14           28           4       
190          5            27           1               0               1                   9            19           20           8            6            14           28           4       
191          6            27           1               0               0                   9            19           20           8            6            15           28           4       
192          6            27           0               -1              0                   9            19           20           8            6            15           28           4       
193          6            27           0               -1              0                   9            20           20           8            6            15           28           4       
194          6            27           0               -1              0                   9            20           20           7            6            15           28           3       
195          6            26           0               -1              0                   9            20           20           7            6            16           28           3       
196          6            26           0               -1              0                   9            21           20           7            6            16           28           3       
197          6            26           0               -1              0                   9            21           20           6            6            16           28           2       
198          6            25           0               -1              0                   9            21           20           6            6            17           28           2       
199          6            25           0               -1              0                   8            21           20           5            6            17           28           1       
200          6            24           0               -1              0                   8            21           20           5            6            18           28           1       
201          6            24           1               0               0                   8            21           20           5            6            18           28           1       
202          6            24           1               0               0                   7            21           20           5            6            18           28           1       
203          6            24           1               0               0                   7            21           19           5            6            18           27           1       
204          7            24           1               0               0                   7            21           19           5            6            19           27           1       
205          7            24           1               0               0                   6            21           19           5            6            19           27           1       
206          7            24           1               0               0                   6            21           18           5            6            19           26           1       
207          8            24           1               0               0                   6            21           18           5            6            20           26           1       
208          8            24           1               0               0                   6            22           18           5            6            20           26           1       
209          8            24           1               0               0                   6            22           17           5            6            20           25           1       
210          9            24           1               0               0                   6            22           17           5            6            21           25           1       
211          9            24           0               1               0                   6            22           17           5            6            21           25           1       
212          9            24           0               1               0                   6            23           17           5            6            21           25           1       
213          9            24           0               1               0                   6            23           16           5            6            21           24           1       
214          9            25           0               1               0                   6            23           16           5            7            21           24           1       
215          9            25           0               1               0                   6            24           16           5            7            21           24           1       
216          9            25           0               1               0                   6            24           15           5            7            21           23           1       
217          9            26           0               1               0                   6            24           15           5            8            21           23           1       
218          9            26           0               1               0                   7            24           15           5            8            21           23           1       
219          9            26           0               1               0                   7            24           14           5            8            21           23           2       
220          9            27           0               1               0                   7            24           14           5            9            21           23           2       
221          9            27           1               0               0                   7            24           14           5            9            21           23           2       
222          9            27           1               0               0                   8            24           13           5            9            21           23           3       
223          10           27           1               0               0                   8            24           13           5            9            20           23           3       
224          10           27           1               0               0                   9            24           13           5            9            20           23           3       
225          10           27           1               0               0                   9            24           12           5            9            20           23           4       
226          11           27           1               0               0                   9            24           12           5            9            19           23           4       
227          11           27           1               0               0                   9            25           12           5            9            19           23           4       
228          11           27           1               0               0                   9            25           11           5            9            19           23           5       
229          12           27           1               0               0                   9            25           11           5            9            18           23           5       
230          12           27           1               0               0                   9            26           10           5            9            18           22           5       
231          13           27           1               0               0                   9            26           10           5            9            18           22           5       
232          13           27           0               1               0                   9            26           10           5            10           18           22           5       
233          13           27           0               1               0                   9            27           10           5            10           18           22           5       
234          13           27           0               1               0                   9            27           9            5            10           18           21           5       
235          13           28           0               1               0                   9            27           9            5            10           18           21           5       
236          13           28           0               1               0                   9            27           9            5            11           18           21           5       
237          13           28           0               1               0                   10           27           9            6            11           18           20           5       
238          13           29           0               1               0                   10           27           9            6            11           18           20           5       
239          13           29           0               1               0                   10           27           9            6            12           18           20           5       
240          13           29           0               1               0                   11           27           9            7            12           18           20           6       
241          13           30           0               1               0                   11           27           9            7            12           18           20           6       
242          13           30           -1              0               0                   11           27           9            7            13           18           20           6       
243          13           30           -1              0               0                   12           27           9            7            13           18           20           6       
244          13           30           -1              0               0                   12           27           9            8            13           18           20           7       
245          12           30           -1              0               0                   12           27           9            8            13           18           20           7       
246          12           30           -1              0               0                   12           27           9            8            14           18           20           7       
247          12           30           -1              0               0                   13           27           10           8            14           18           20           8       
248          11           30           -1              0               0                   13           27           10           8            14           18           20           8       
249          11           30           -1              0               0                   13           27           10           8            15           18           20           8       
250          11           30           -1              0               0                   13           28           11           8            15           18           19           8       
251          10           30           -1              0               0                   13           28           11           8            15           18           19           8       
252          10           30           -1              0               0                   13           28           11           8            16           18           19           8       
253          10           30           -1              0               0                   13           29           12           8            16           18           18           8       
254          9            30           -1              0               0                   13           29           12           8            16           18           18           8       
255          9            30           -1              0               0                   13           29           12           8            17           18           18           8       
256          9            30           -1              0               0                   13           30           12           8            17           18           18           8       
257          9            30           -1              0               0                   13           30           13           8            17           18           17           8       
258          8            30           -1              0               0                   13           30           13           8            17           18           17           8       
259          8            30           -1              0               0                   13           30           13           8            18           18           17           8       
260          8            30           -1              0               0                   12           30           13           9            18           18           16           8       
261          7            30           -1              0               0                   12           30           13           9            18           18           16           8       
262          7            30           -1              0               0                   12           30           13           9            19           18           16           8       
263          7            30           -1              0               0                   11           30           13           9            19           18           16           8       
264          7            30           -1              0               0                   11           30           13           10           19           18           16           9       
265          6            30           -1              0               0                   11           30           13           10           19           18           16           9       
266          6            30           -1              0               0                   11           30           13           10           20           18           16           9       
267          6            30           -1              0               0                   10           30           13           11           20           18           16           10      
268          5            30           -1              0               0                   10           30           13           11           20           18           16           10      
269          5            30           -1              0               0                   10           30           13           11           20           19           16           10      
270          5            30           -1              0               0                   9            30           13           11           20           19           16           10      
271          5            30           -1              0               0                   9            30           12           11           20           19           16           11      
272          4            30           -1              0               0                   9            30           12           11           20           19           16           11      
273          4            30           -1              0               0                   9            30           12           11           20           20           16           11      
274          4            30           -1              0               0                   8            30           11           11           20           20           15           11      
275          3            30           -1              0               0                   8            30           11           11           20           20           15           11      
276          3            30           -1              0               0                   8            30           11           11           20           21           15           11      
277          3            30           -1              0               0                   7            30           11           11           20           21           15           11      
278          3            30           -1              0               0                   7            30           10           11           20           21           14           11      
279          2            30           -1              0               0                   7            30           10           11           20           21           14           11      
280          2            30           -1              0               0                   7            30           10           11           19           21           14           11      
281          2            30           -1              0               0                   6            30           9            11           19           21           13           11      
282          1            30           -1              0               0                   6            30           9            11           19           21           13           11      
283          1            30           0               -1              0                   6            30           9            11           18           21           13           11      
284          1            30           0               -1              0                   5            30           9            12           18           21           12           11      
285          1            29           0               -1              0                   5            30           9            12           18           21           12           11      
286          1            29           0               -1              0                   5            30           9            12           17           21           12           11      
287          1            29           0               -1              0                   4            30           9            12           17           21           12           11      
288          1            29           0               -1              0                   4            30           9            13           17           21           12           11      
289          1            28           0               -1              0                   4            30           9            13           17           21           11           11      
290          1            28           0               -1              0                   4            30           9            13           16           21           11           11      
291          1            28           0               -1              0                   3            30           9            14           16           21           11           11      
292          1            28           0               -1              0                   3            30           9            14           16           21           10           11      
293          1            27           0               -1              0                   3            30           9            14           16           21           10           11      
294          1            27           1               0               0                   3            30           9            14           16           22           10           11      
295          1            27           1               0               0                   2            30           9            14           16           22           10           11      
296          1            27           1               0               0                   2            30           8            14           16           22           10           11      
297          2            27           1               0               0                   2            30           8            14           16           22           9            11      
298          2            27           1               0               0                   2            30           8            14           16           23           9            11      
299          2            27           1               0               0                   1            30           7            14           16           23           9            11      
300          3            27           1               0               0                   1            30           7            14           16           23           9            12      
301          3            27           0               -1              0                   1            30           7            14           16           24           9            12      
302          3            27           0               -1              0                   1            29           7            14           16           24           9            12      
303          3            27           0               -1              0                   1            29           6            14           16           24           9            12      
304          3            26           0               -1              0                   1            29           6            14           16           24           9            13      
305          3            26           0               -1              0                   1            29           6            14           15           24           9            13      
306          3            26           0               -1              0                   1            28           5            14           15           24           9            13      
307          3            26           0               -1              0                   1            28           5            14           15           24           9            14      
308          3            25           0               -1              0                   1            28           5            14           15           24           9            14      
309          3            25           0               -1              0                   1            28           5            14           14           24           9            14      
310          3            25           0               -1              0                   1            27           5            14           14           24           9            14      
311          3            25           0               -1              0                   1            27           4            14           14           24           9            14      
312          3            24           0               -1              0                   1            27           4            14           14           24           9            15      
313          3            24           -1              0               0                   1            27           4            14           13           24           9            15      
314          3            24           -1              0               0                   2            27           3            14           13           24           9            15      
315          3            24           -1              0               0                   2            27           3            14           13           24           9            16      
316          2            24           -1              0               0                   2            27           3            14           13           24           9            16      
317          2            24           -1              0               0                   2            27           3            14           12           24           9            16      
318          2            24           -1              0               0                   3            27           3            14           12           24           9            16      
319          2            24           -1              0               0                   3            27           2            14           12           24           9            16      
320          1            24           -1              0               1                   3            27           2            14           12           24           9            16      
321          1            24           0               -1              1                   3            27           2            14           12           24           9            16      
322          1            24           0               -1              1                   3            27           2            14           12           24           9            17      
323          1            23           0               -1              1                   3            27           2            14           12           24           9            17      
324          1            23           0               -1              1                   3            27           2            14           11           24           9            17      
325          1            22           0               -1              1                   3            26           2            14           11           24           9            17      
326          1            22           0               -1              1                   3            26           1            14           11           24           9            17      
327          1            21           0               -1              1                   3            26           1            14           11           24           9            17      
328          1            21           1               0               1                   3            26           1            14           11           24           9            17      
329          1            21           1               0               1                   3            26           1            14           11           24           9            18      
330          2            21           1               0               1                   3            26           1            14           11           24           9            18      
331          2            21           1               0               1                   3            26           1            14           10           24           9            18      
332          3            21           1               0               1                   3            25           1            14           10           24           9            18      
333          3            21           1               0               1                   3            25           0            14           10           24           9            18      
334          4            21           1               0               1                   3            25           0            14           10           24           9            18      
335          4            21           1               0               1                   3            25           0            14           10           24           10           18      
336          5            21           1               0               1                   3            25           0            14           9            24           10           18      
337          5            21           1               0               1                   3            24           0            14           9            24           10           18      
338          6            21           1               0               1                   3            24           0            14           9            24           10           18      
339          6            21           0               1               1                   3            24           0            14           9            24           10           18      
340          6            21           0               1               1                   3            24           29           14           9            24           10           18      
341          6            22           0               1               1                   3            24           29           14           9            24           10           18      
342          6            22           0               1               1                   3            24           29           14           9            24           11           18      
343          6            23           0               1               1                   3            24           29           14           8            24           11           18      
344          6            23           0               1               1                   2            24           29           14           8            24           11           18      
345          6            24           0               1               1                   2            24           29           14           8            24           11           18      
346          6            24           1               0               1                   2            24           29           14           8            24           11           18      
347          6            24           1               0               1                   2            24           28           14           12           15           11           18      
348          7            24           1               0               1                   2            24           28           14           12           15           11           18      
349          7            24           1               0               1                   2            24           28           14           12           15           12           18      
350          7            24           1               0               1                   2            24           28           14           13           15           12           18      
351          8            24           1               0               1                   2            24           28           14           13           15           12           18      
352          8            24           1               0               1                   1            24           28           14           14           15           12           18      
353          9            24           1               0               1                   1            24           28           14           14           15           12           18      
354          9            24           -1              0               1                   1            24           27           14           14           15           12           18      
355          9            24           -1              0               1                   1            24           27           14           15           15           12           18      
356          8            24           -1              0               1                   1            24           27           14           15           15           13           18      
357          8            24           -1              0               1                   1            24           27           14           16           15           13           18      
358          7            24           -1              0               1                   1            24           27           14           16           15           13           18      
359          7            24           -1              0               1                   1            23           27           14           17           15           13           18      
360          6            24           -1              0               1                   1            23           26           14           17           15           13           18      
361          6            24           0               -1              1                   1            23           26           14           17           15           13           18      
362          6            24           0               -1              1                   1            23           26           14           17           14           13           18      
363          6            24           0               -1              1                   1            23           26           14           17           14           14           18      
364          6            23           0               -1              1                   1            23           26           14           17           14           14           18      
365          6            23           0               -1              1                   1            23           26           14           17           13           14           18      
366          6            22           0               -1              1                   1            23           26           14           17           13           14           18      
367          6            22           0               -1              1                   1            22           26           14           17           13           14           18      
368          6            22           0               -1              1                   1            22           26           14           16           13           14           18      
369          6            21           0               -1              1                   1            22           25           14           16           13           14           18      
370          6            21           -1              0               1                   1            22           25           14           16           13           14           18      
371          6            21           -1              0               1                   1            22           25           14           15           13           14           18      
372          6            21           -1              0               1                   1            22           25           14           15           13           15           18      
373          5            21           -1              0               1                   1            22           25           14           15           13           15           18      
374          5            21           -1              0               1                   1            22           25           14           14           13           15           18      
375          4            21           -1              0               1                   1            21           25           14           14           13           15           18      
376          4            21           -1              0               1                   1            21           24           14           13           13           15           18      
377          3            21           -1              0               1                   1            21           24           14           13           13           15           18      
378          3            21           -1              0               1                   15           14           24           14           13           13           16           18      
379          3            21           -1              0               1                   15           14           24           14           12           13           16           18      
380          2            21           -1              0               1                   15           14           24           14           12           13           16           18      
381          2            21           1               0               1                   15           14           24           14           12           13           16           18      
382          2            21           1               0               1                   15           13           24           14           12           13           16           18      
383          3            21           1               0               1                   15           13           24           14           12           14           16           18      
384          3            21           1               0               1                   14           13           24           14           12           14           16           18      
385          3            21           1               0               1                   14           13           23           14           12           14           16           18      
386          4            21           1               0               1                   14           13           23           14           12           15           16           18      
387          4            21           1               0               1                   13           13           23           14           12           15           17           18      
388          4            21           1               0               1                   13           13           23           14           13           15           17           18      
389          5            21           1               0               1                   13           13           23           14           13           15           17           18      
390          5            21           1               0               1                   12           13           23           14           13           15           17           18      
391          5            21           1               0               1                   12           13           23           14           14           15           17           18      
392          6            21           1               0               1                   12           13           23           14           14           15           17           18      
393          6            21           1               0               1                   12           14           23           13           14           15           17           18      
394          6            21           1               0               1                   12           14           23           13           15           15           17           18      
395          7            21           1               0               1                   12           14           23           13           15           15           18           18      
396          7            21           1               0               1                   12           15           23           13           15           15           18           18      
397          7            21           1               0               1                   12           15           23           13           16           15           18           18      
398          8            21           1               0               1                   12           15           23           13           16           15           18           18      
399          8            21           1               0               1                   13           15           23           13           16           15           18           18      
400          9            21           1               0               1                   13           15           23           13           17           15           18           18      
401          9            21           1               0               1                   14           15           23           13           17           15           18           18      
402          9            21           1               0               1                   14           15           23           12           17           15           18           18      
403          10           21           1               0               1                   14           15           23           12           17           14           18           18      
404          10           21           1               0               1                   15           15           23           12           17           14           18           18      
405          10           21           1               0               1                   15           15           23           12           17           14           19           18      
406          11           21           1               0               1                   15           15           23           12           17           13           19           18      
407          11           21           1               0               1                   16           15           23           12           17           13           19           18      
408          12           21           1               0               1                   16           15           23           12           16           13           19           18      
409          12           21           1               0               1                   17           15           23           12           16           13           19           18      
410          12           21           1               0               1                   17           15           23           11           16           13           19           18      
411          13           21           1               0               1                   17           15           23           11           15           13           19           18      
412          13           21           0               1               1                   17           14           23           11           15           13           19           18      
413          13           21           0               1               1                   17           14           23           11           15           13           20           18      
414          13           22           0               1               1                   17           14           23           11           15           13           20           18      
415          13           22           0               1               1                   17           13           23           11           14           13           20           18      
416          13           23           0               1               1                   17           13           23           11           14           13           20           18      
417          13           23           0               1               1                   16           13           23           11           13           13           20           18      
418          13           23           0               1               1                   16           13           23           10           13           13           20           18      
419          13           24           0               1               1                   16           13           23           10           13           13           20           18      
420          13           24           1               0               1                   15           13           23           10           12           13           20           17      
421          14           24           1               0               1                   15           13           23           10           12           13           20           17      
422          14           24           1               0               1                   14           12           23           10           12           14           20           17      
423          15           24           1               0               1                   14           12           23           10           12           14           20           17      
424          15           24           1               0               1                   14           11           23           10           12           15           20           17      
425          15           24           1               0               1                   14           11           23           9            12           15           20           17      
426          16           24           1               0               1                   14           11           23           9            12           15           20           16      
427          16           24           1               0               1                   15           11           23           9            13           15           20           16      
428          17           24           1               0               1                   15           11           23           9            13           15           20           16      
429          17           24           1               0               1                   16           11           23           9            14           15           20           16      
430          18           24           1               0               1                   16           11           23           9            14           15           20           16      
431          18           24           1               0               1                   17           11           23           8            15           15           20           16      
432          19           24           1               0               1                   17           11           23           8            15           15           20           15      
433          19           24           -1              0               1                   18           11           23           8            16           15           20           15      
434          18           24           -1              0               1                   18           11           23           8            16           15           20           15      
435          18           24           -1              0               1                   19           11           23           8            17           15           20           15      
436          17           24           -1              0               1                   19           11           24           8            17           15           20           15      
437          17           24           -1              0               1                   20           11           24           8            17           14           20           15      
438          17           24           -1              0               1                   20           11           24           8            17           14           20           14      
439          16           24           -1              0               1                   20           11           24           8            17           14           20           14      
440          16           24           0               -1              1                   20           12           24           8            17           13           20           14      
441          16           23           0               -1              1                   20           12           24           8            17           13           20           14      
442          16           23           0               -1              1                   20           13           24           8            17           13           20           14      
443          16           23           0               -1              1                   20           13           24           8            16           13           20           14      
444          16           22           0               -1              1                   20           13           25           8            16           13           20           14      
445          16           22           0               -1              1                   20           14           25           8            16           13           20           14      
446          16           22           0               -1              1                   20           14           25           8            15           13           20           14      
447          16           22           0               -1              1                   20           14           25           8            15           13           21           14      
448          16           21           0               -1              1                   20           14           25           8            15           13           21           14      
449          16           21           1               0               1                   20           15           25           8            14           12           21           14      
450          17           21           1               0               1                   20           16           25           8            14           12           21           14      
451          17           21           1               0               1                   20           16           25           8            14           11           21           14      
452          17           21           1               0               1                   20           16           26           8            14           11           21           14      
453          18           21           1               0               1                   20           17           26           8            14           11           21           14      
454          18           21           1               0               1                   20           17           26           8            15           11           22           14      
455          19           21           1               0               1                   20           18           26           8            15           11           22           14      
456          19           21           1               0               1                   20           18           26           8            16           11           22           14      
457          20           21           1               0               1                   19           18           26           8            16           11           22           14      
458          20           21           1               0               1                   19           18           26           8            17           11           22           14      
459          20           21           1               0               1                   19           18           27           8            17           11           22           14      
460          21           21           1               0               1                   19           18           27           8            17           11           22           14      
461          21           21           1               0               1                   18           18           27           8            18           11           23           14      
462          22           21           1               0               1                   17           18           27           8            18           11           23           14      
463          22           21           1               0               1                   17           18           27           8            19           11           23           14      
464          23           21           1               0               1                   16           18           27           8            19           11           23           14      
465          23           21           0               -1              1                   16           18           28           8            20           11           23           14      
466          23           20           0               -1              0                   16           18           28           8            20           11           23           13      
467          23           20           0               -1              0                   15           18           28           8            20           12           23           13      
468          23           19           0               -1              0                   15           18           28           7            20           12           23           13      
469          23           19           0               -1              0                   14           18           28           7            20           13           23           12      
470          23           19           0               -1              0                   14           18           28           6            20           13           23           12      
471          23           18           0               -1              0                   14           18           28           6            20           13           23           12      
472          23           18           0               -1              0                   13           18           28           6            20           14           23           11      
473          23           18           0               -1              0                   13           18           28           5            20           14           23           11      
474          23           17           0               -1              0                   12           18           28           5            20           15           23           10      
475          23           17           0               1               0                   12           18           28           5            20           15           23           10      
476          23           17           0               1               0                   12           18           27           5            20           15           23           10      
477          23           18           0               1               0                   11           18           27           5            20           16           23           9       
478          23           18           0               1               0                   11           18           26           5            20           16           23           9       
479          23           19           0               1               0                   10           18           26           5            20           17           23           8       
480          23           19           0               -1              0                   10           18           26           5            20           17           23           8       
481          23           19           0               -1              0                   10           18           25           5            20           17           23           8       
482          23           18           0               -1              0                   9            18           25           5            20           18           23           7       
483          23           18           0               -1              0                   9            18           24           5            20           18           23           7       
484          23           17           0               -1              0                   9            17           24           5            20           19           23           6       
485          23           17           0               -1              0                   9            17           23           5            20           19           23           6       
486          23           16           0               -1              0                   9            16           23           5            20           20           23           5       
487          23           16           0               -1              0                   9            16           23           6            20           20           23           5       
488          23           15           0               -1              0                   9            15           23           6            20           21           22           5       
489          23           15           0               -1              0                   9            15           23           7            20           21           21           5       
490          23           14           0               -1              0                   9            14           23           7            21           21           21           5       
491          23           14           1               0               0                   9            14           23           7            21           21           21           5       
492          23           14           1               0               0                   9            14           23           8            21           21           21           5       
493          24           14           1               0               0                   8            14           23           8            22           21           20           5       
494          24           14           1               0               0                   8            14           23           9            22           21           20           5       
495          25           14           1               0               0                   7            14           23           9            23           21           19           5       
496          25           14           1               0               0                   7            14           23           10           23           21           19           5       
497          26           14           1               0               0                   6            14           23           10           23           20           18           5       
498          26           14           1               0               0                   6            14           23           11           23           20           17           5       
499          27           14           1               0               0                   5            14           23           11           23           19           17           5       
500          27           14           -1              0               0                   5            14           23           11           23           19           17           5       
501          27           14           -1              0               0                   5            14           23           12           23           19           16           5       
502          26           14           -1              0               0                   4            14           23           12           23           18           16           5       
503          26           14           -1              0               0                   4            14           23           13           23           18           16           5       
504          25           14           -1              0               0                   3            14           23           13           23           17           15           5       
