time         game_state
1            1111111111111111111111111111111111111111111111111110011111011110        0    
2            1111111111111111111111111111111111111111111111111110111111011110        0    
3            1111111111111111111111111111111111111111111111111110111111011110        0    
4            1111111111111111111111111111111111111111111111111111011111110010        0    
5            1111111111111111111111111111111111111111111111111111011111110010        0    
6            1111111111111111111111111111111111111111111111111111111111110010        0    
7            1111111111111111111111111111111111111111111111111111111111110010        0    
8            1111111111111111111111111111111111111111111111111000011110110010        0    
9            1111111111111111111111111111111111111111111111111000011110110010        0    
10           1111111111111111111111111111111111111111111111111000111111110010        0    
11           1111111111111111111111111111111111111111111111111000111101110010        0    
12           1111111111111111111111111111111111111111111111111000111101110010        0    
13           1111111111111111111111111111111111111111111111111000111111110010        0    
14           1111111111111111111111111111111111111111111111111000111111011110        0    
15           1111111111111111111111111111111111111111111111111000111101011110        0    
16           1111111111111111111111111111111111111111111111111000011100011110        0    
17           1111111111111111111111111111111111111111111111111000001110011110        0    
18           1111111111111111111111111111111111111111111111111111101111011110        0    
19           1111111111111111111111111111111111111111111111111111101111011110        0    
20           1111111111111111111111111111111111111111111111111111001111011010        0    
21           1111111111111111111111111111111111111111111111111110101111011010        0    
22           1111111111111111111111111111111111111101110011011110001111010110        0    
23           1111111111111111111111111111111111111101110011011111001111010110        0    
24           111101111011111111001111010110          0    
25           111101111011111110001111010110          0    
26           111110110011111110001111010010          0    
27           111110110011111111001111010010          4    
28           1111111111111111111111111111111111111111111111111111101100010010        0    
29           1111111111111111111111111111111111111111111111111111101110010010        0    
30           1111111111111111111111111111111111111111111111111111001111010010        0    
31           1111111111111111111111111111111111111111111111111111001101010010        0    
32           1111111111111111111111111111111111111111111111111111101110010010        0    
33           1111111111111111111111111111111111111111111111111111101110010010        1    
34           1111111111111111111111111111111111111111110011111011001110010010        0    
35           1111111111111111111111111111111111111111110011111010001110010010        0    
36           1111111111111111111111111111111111111111111011111010101110011110        0    
37           1111111111111111111111111111111111111111111011111001101110011110        4    
38           1111111111111111111111111111111111111111110011111001101110011110        4    
39           1111111111111111111111111111111111111111110011111000101110011110        4    
40           1111111111111111111111111111111111111111111111111000101111011110        0    
41           1111111111111111111111111111111111111111111111111000101111011110        1    
42           1111111111111111111111111111111111111111111111111000010100011110        1    
43           1111111111111111111111111111111111111111111111111000010010011111        1    
44           1111111111111111111111111111111111111111110011011000010010011111        0    
45           1111111111111111111111111111111111111111110011011111010010011111        0    
46           1111111111111111111111111111111111111111110011010111110011011111        0    
47           1111111111111111111111111111111111111111110011010111110011011111        2    
48           1111011100011110111110011011111         0    
49           1111011100011110111110101011111         0    
50           1111111111111111111111111111111110111111100011110111010110011111        0    
51           1111111111111111111111111111111110111111100011110111011010011111        2    
52           1111111111111111111111111111111110111111100011110111011010011111        2    
53           1111111111111111111111111111111110111111101010110111011011011111        2    
54           1111111111111111111111111111111110111111101010110111011111011111        2    
55           1111111111111111111111111111111110111111101010110111011111011111        2    
56           1111111111111111111111111111111110111111101010110111010011011111        2    
57           1111111111111111111111111111111110111111110010110111110100011111        2    
58           1111111111111111111111111111111110111111110010110111110110011111        2    
59           1111111111111111111111111111111110111111110010110111110100011111        2    
60           1111111111111111111111111111111110111111110010110111110110011111        2    
61           1111111111111111111111111111111110111111111010111101010111011111        2    
62           1111111111111111111111111111111110111111111010111101011101011111        3    
63           1111111111111111111111111111111110111111111010111101011111011111        3    
64           1111111111111111111111111111111110111111111010111101011111011111        0    
65           1111111111111111111111111111111110111111111010111110011111011111        0    
66           1111111111111111111111111111111110111110110010111110011111011011        0    
67           1111111111111111111111111111111110111110110010111111011111011011        0    
68           1111111111111111111111111111111110111110110010111000011111011011        2    
69           1111111111111111111111111111111110111110100010111000011111011011        0    
70           1111111111111111111111111111111110111110100010111000011101011011        0    
71           1111111111111111111111111111111110111110001010111000011101011011        0    
72           1111111111111111111111111111111110111110001010111000011111011011        0    
73           1111111111111111111111111111111110111110001010111000110101011011        0    
74           1111111111111111111111111111111110111011101010111000110111010111        0    
75           1111111111111111111111111111111110111011101010111000110101010111        0    
76           1111111111111111111111111111111110111011101010111000110111010111        0    
77           1111111111111111111111111111111110110111001010111000111101010111        0    
78           1111111111111111111111111111111110110111001010111000111111010111        0    
79           1111111111111111111111111111111110110111001010111000111101010111        3    
80           1111111111111111111111111111111110110110100010111001111101010011        3    
81           1111111111111111111111111111111110110110100010111001111111010011        3    
82           1111111111111111111111111111111110110110110010011001111111010011        0    
83           1111111111111111111111111111111110110110110010011001111111010011        0    
84           1111111111111111111111111111111110110110110010011011111111010011        0    
85           1111111111111111111111111111111111110101111010011011111110010011        2    
86           1111111111111111111111111111111111110101111010011011111110010011        2    
87           1111111111111111111111111111111111110101111010111011111110010011        0    
88           1111111111111111111111111111111111110101111010111011110110010011        0    
89           1111111111111111111111111111111111110101111010111011110110010011        0    
90           1111111111111111111111111111111111110001110010111011110111010011        2    
91           1111111111111111111111111111111111110001110010111011110111010011        2    
92           1111111111111111111111111111111111110001110010111011110111010011        2    
93           1111111111111111111111111111111111110001110010111011111111010011        3    
94           1111111111111111111111111111111111101101110001111011111000010011        0    
95           1111111111111111111111111111111111101101110001111110111000010011        0    
96           1111111111111111111111111111111111101101110001111111111000010011        0    
97           1111111111111111111111111111111111101101110001111110111000010011        3    
98           1111111111111111111111111111111111101101111001111110111000010111        3    
99           1111111111111111111111111111111111111111111111111110111000010111        0    
100          1111111111111111111111111111111111111111111111111110111110010111        0    
101          1111111111111111111111111111111111111111111111111110111100010111        0    
102          1111111111111111111111111111111111111111111111111110111100010111        0    
103          1111111111111111111111111111111111111111111111111110111010010111        4    
104          1111111111111111111111111111111111111111111111111110111000010111        4    
105          1111111111111111111111111111111111111111111111111110111110010111        4    
106          1111111111111111111111111111111111111111111111111111111111010111        4    
107          1111111111111111111111111111111111111111111111111111111101010111        4    
108          1111111111111111111111111111111111111111111111111111111011010111        4    
109          1111111111111111111111111111111111111111111111111111111001010111        4    
110          1111111111111111111111111111111111111111111111111111111010010111        4    
111          1111111111111111111111111111111111111111111111111111111110010111        4    
112          1111111111111111111111111111111111111111111111111111111110010111        1    
113          1111111111111111111111111111111111111111111111111111111010010111        1    
114          1111111111111111111111111111111111111111111111111110111011010111        1    
115          1111111111111111111111111111111111111111111111111110111011010111        1    
116          1111111111111111111111111111111111111111111001011110111011010111        0    
117          1111111111111111111111111111111111111111111001011101111011010111        1    
118          1111111111111111111111111111111111111111111001011100111011010111        1    
119          1111111111111111111111111111111111111111111001011011111011010111        2    
120          1111111111111111111111111111111111110011101001111011111011010111        0    
121          1111111111111111111111111111111111110011101001111011111011010111        0    
122          1111111111111111111111111111111111110101001001111011111011010011        0    
123          1111111111111111111111111111111111110101001001111011111111010011        0    
124          1111111111111111111111111111111111110101001001111011111111010011        0    
125          1111111111111111111111111111111111110101001001111011111111010010        0    
126          1111111111111111111111111111111111111101101000111011111110010010        1    
127          1111111111111111111111111111111111111101101000111011111100010010        1    
128          1111111111111111111111111111111111111111111000111011111100010010        0    
129          1111111111111111111111111111111111111111111000111011111101010010        0    
130          1111111111111111111111111111111111111111111000111010111101010010        0    
131          1111111111111111111111111111111111111111111000011010111110010010        0    
132          1111111111111111111111111111111111111111111000011001111110010010        2    
133          1111111111111111111111111111111111111111111000011001111110010110        2    
134          1111111111111111111111111111111111111111111000011000111110010110        2    
135          1111111111111111111111111111111111100111001000111000111110010110        0    
136          1111111111111111111111111111111111101111101000111001111110010110        0    
137          1111111111111111111111111111111111101111101000111001111110010110        0    
138          1111111111111111111111111111111111011111110000111001111110011010        0    
139          1111111111111111111111111111111111011111110000111001111110011010        0    
140          1111111111111111111111111111111111001111111000111010111110011010        1    
141          1111111111111111111111111111111111001111111000111010111110011010        1    
142          1111111111111111111111111111111111111111111000011010111110011010        0    
143          1111111111111111111111111111111111111111110000011010111110011110        0    
144          1111111111111111111111111111111111111111110000011111111110011110        0    
145          1111111111111111111111111111111111111111111000011111111110011110        2    
146          1111111111111111111111111111111111111111111000011111111110011110        2    
147          1111111111111111111111111111111111111111110000011111111110010010        2    
148          1111111111111111111111111111111111111111110000011111111110010010        2    
149          1111111111111111111111111111111111111101110000111111111110010010        0    
150          1111111111111111111111111111111111111101111000111111111110010010        0    
151          1111111111111111111111111111111111111101111000111111111110010010        0    
152          1111111111111111111111111111111111111110100000111111111110010110        0    
153          1111111111111111111111111111111111111110100000111111111110010110        0    
154          1111111111111111111111111111111111101110101001111111111110010110        0    
155          1111111111111111111111111111111111101110101001111111111110010110        0    
156          1111111111111111111111111111111111011110110001111111111110011010        0    
157          1111111111111111111111111111111111011110110001111111111110011010        0    
158          1111111111111111111111111111111111001110111001111101111110011010        3    
159          1111111111111111111111111111111111001110111001111101111110011010        3    
160          1111111111111111111111111111111111001110111001011101111110011010        0    
161          1111111111111111111111111111111111001111110001011101111110011110        0    
162          1111111111111111111111111111111111001111110001011110111110011110        0    
163          1111111111111111111111111111111111001111110001011111111110011110        0    
164          1111111111111111111111111111111111001111110001011111111110011110        0    
165          1111111111111111111111111111111111010110110001011111111110110010        4    
166          1111111111111111111111111111111111010110110001011101111110110011        4    
167          1111111111111111111111111111111111111111111111111101111110110011        0    
168          1111111111111111111111111111111111111111111111111101111110110011        0    
169          1111111111111111111111111111111111111111111111111101111110110011        0    
170          1111111111111111111111111111111111010110110001011101111110110011        0    
171          1111111111111111111111111111111111010110110001011110111101110011        0    
172          1111111111111111111111111111111111010110110001011111111101110011        0    
173          1111111111111111111111111111111111010110110001011110111101110011        1    
174          1111111111111111111111111111111111111111110001011110111101110011        0    
175          1111111111111111111111111111111111111111110001011111111101110011        0    
176          1111111111111111111111111111111111111111111001011111111100110011        0    
177          1111111111111111111111111111111111111111111001011110111100110011        2    
178          1111111111111111111111111111111111010111011001111110111100110011        0    
179          1111111111111111111111111111111111010111011001111110111110110011        0    
180          1111111111111111111111111111111111010111011001111110111100110011        0    
181          1111111111111111111111111111111111010111110000111110111011110011        1    
182          1111111111111111111111111111111111111111110000111110111011110011        0    
183          1111111111111111111111111111111111111111110000111111111011110011        0    
184          1111111111111111111111111111111111111111110000111110111011110011        4    
185          1111111111111111111111111111111111111111111000111111111011110011        4    
186          1111111111111111111111111111111111111111111111111111111011110011        0    
187          1111111111111111111111111111111111111111111111111111111111110011        0    
188          1111111111111111111111111111111111111111111111111111111111110011        4    
189          1111111111111111111111111111111111111111111111111111111111110111        4    
190          1111111111111111111111111111111111111111111111111111111011110111        4    
191          1111111111111111111111111111111111111111111111111111111011110111        1    
192          1111111111111111111111111111111111111111111111111111111111110111        1    
193          1111111111111111111111111111111111111111110000011111111111110111        0    
194          1111111111111111111111111111111111111111110000011101111111110111        0    
195          1111111111111111111111111111111111111111110000011101111111110111        0    
196          1111111111111111111111111111111111111111110000011111111111110111        0    
197          1111111111111111111111111111111111111111110000011111111111110111        0    
198          1111111111111111111111111111111111111111110000011111111111111011        0    
199          1111111111111111111111111111111111111111110000011101111111111011        0    
200          1111111111111111111111111111111111111111110000011101111111111011        0    
201          1111111111111111111111111111111111111111110000011111111111111011        0    
202          1111111111111111111111111111111111111111110000011111111110111011        0    
203          1111111111111111111111111111111111111111110000011110111110111011        0    
204          1111111111111111111111111111111111111111110000011101111110111011        0    
205          1111111111111111111111111111111111111111110000011100111110111011        0    
206          1111111111111111111111111111111111111111111000011100111111111011        0    
207          1111111111111111111111111111111111111111111000011111111111111011        0    
208          1111111111111111111111111111111111111111111000011110111111111011        0    
209          1111111111111111111111111111111111111111110000011011111110111011        0    
210          1111111111111111111111111111111111111111110000011011111110111011        0    
211          1111111111111111111111111111111111111111110000011111111110111011        0    
212          1111111111111111111111111111111111111111111000011111111110110111        0    
213          1111111111111111111111111111111111111111111000011111111110110111        0    
214          1111111111111111111111111111111111111111111000011111111110110111        0    
215          1111111111111111111111111111111111111111110000011110111110110111        0    
216          1111111111111111111111111111111111111111110000011011111110110111        0    
217          1111111111111111111111111111111111111111110000011010111110110111        2    
218          1111111111111111111111111111111111111111110000011011111110110111        2    
219          1101011100000111011111110110111         0    
220          1111011011000111011111110110011         0    
221          1111011011000111011111000110011         0    
222          1111011011000111011111010110011         2    
223          1111011011000111011111100110011         2    
224          1101011010000111001111100110011         4    
225          1101011010000111001111110110011         4    
226          1111111111111111111111111111111111111111111111111001111110110011        0    
227          1111111111111111111111111111111111111111111111111001111100110011        0    
228          1111111111111111111111111111111111111111111111111001111010110011        0    
229          1111111111111111111111111111111111111111111111111001111010011111        0    
230          1111111111111111111111111111111111111111111111111001111000011111        0    
231          1111111111111111111111111111111111111111111111111001111110011111        0    
232          1111111111111111111111111111111111111111111111111001111100011111        0    
233          1111111111111111111111111111111111111111111111111001111100011111        0    
234          1111111111111111111111111111111111111111111111111001111010011111        2    
235          1101101001000111001111010011111         0    
236          1101101001000111001111100011111         0    
237          1101001101000111001111110011011         0    
238          1101001101000111001111000011011         4    
239          1111111111111111111111111111111111111111111111111001111000011011        0    
240          1111111111111111111111111111111111111111111111111001111110011011        0    
241          1111111111111111111111111111111111111111111111101001111100011011        0    
242          1111111111111111111111111111111111111111111111101001111010011011        3    
243          1111111111111111111111111111111111111111111111101001111000011011        2    
244          1101101001000101001111000011011         0    
245          1101111110000111001111000010111         0    
246          1101111110000111001111010010111         2    
247          1101111110000111001111100010111         2    
248          1101111110000111001111110010111         3    
249          1101111110000111001111110010111         0    
250          1101111011001001001111110010111         0    
251          1101111011001001010111110010111         0    
252          1101111011001001010111110010110         0    
253          1101111110001011011111110010010         0    
254          1101111111001011100111111010010         2    
255          1110101111001011101111110010010         2    
256          1110101101001111101111110010010         0    
257          1110101101001111101111010010010         0    
258          1110101101001111101111011010010         0    
259          1111101101001111111111011010110         0    
260          1111101110001111111111111010110         0    
261          1111101111001111111111111011010         0    
262          1111101111001111111111011011010         3    
263          1111111111111111111111111111111111111110110001011111111011011010        0    
264          1111111111111111111111111111111111110110110001011110111100011010        0    
265          1111111111111111111111111111111111110110110001011111111101011010        1    
266          1111111111111111111111111111111111111111110001011111111101011010        0    
267          1111111111111111111111111111111111111111110001011111111110011010        0    
