time         game_state
1            1111111111111111111111111111111111111111111111111110011111011110        0    
2            1111111111111111111111111111111111111111111111111110111111011110        0    
3            1111111111111111111111111111111111111111111111111110111111011110        0    
4            1111111111111111111111111111111111111111111111111111011111110010        0    
5            1111111111111111111111111111111111111111111111111111011111110010        0    
6            1111111111111111111111111111111111111111111111111111111111110010        0    
7            1111111111111111111111111111111111111111111111111111111111110010        0    
8            1111111111111111111111111111111111111111111111111000011110110010        0    
9            1111111111111111111111111111111111111111111111111000111111110010        0    
10           1111111111111111111111111111111111111111111111111000111101110010        0    
11           1111111111111111111111111111111111111111111111111000111101110010        0    
12           1111111111111111111111111111111111111111111111111000111111110010        0    
13           1111111111111111111111111111111111111111111111111000111111011110        0    
14           1111111111111111111111111111111111111111111111111000111101011110        0    
15           1111111111111111111111111111111111111111111111111000001110011110        0    
16           1111111111111111111111111111111111111111111111111111101111011110        0    
17           1111111111111111111111111111111111111111111111111111101111011110        0    
18           1111111111111111111111111111111111111111111111111111001111011010        4    
19           1111111111111111111111111111111111111111111111111110101111011010        4    
20           1111111111111111111111111111111111111111111111111110001111010110        4    
21           1111111111111111111111111111111111111111111111111110001111010110        4    
22           1111111111111111111111111111111111111111111111111110001111010010        4    
23           1111111111111111111111111111111111111111010011111110001111010010        0    
24           1111111111111111111111111111111111111111011011111110101100010010        0    
25           1111111111111111111111111111111111111111011011111111101100010010        0    
26           111011011011111111001101010010          0    
27           110111011011111111101110010010          4    
28           110111011011111111101110010010          4    
29           1111111111111111111111111111111111111111111111111111101110010010        0    
30           1111111111111111111111111111111111111111111111111011001110010010        0    
31           1111111111111111111111111111111111111111111111111011001110010010        0    
32           1111111111111111111111111111111111111111111111111011101110011110        0    
33           1111111111111111111111111111111111111111111111111011101110011110        0    
34           1111111111111111111111111111111111111111111111111011101110011110        0    
35           1111111111111111111111111111111111111111111111111011101111011110        1    
36           1111111111111111111111111111111111111111111111111011101111011110        1    
37           1111111111111111111111111111111111111111111111111011010100011110        1    
38           1111111111111111111111111111111111111111111111111011010010011110        1    
39           1111111111111111111111111111111111111111111111111111110011011110        1    
40           1111111111111111111111111111111111111111111111111111010010011110        1    
41           1111101111010111111010011011110         0    
42           1111101111010111111010011011110         0    
43           1111101110010111110110110011110         0    
44           1111101110010111111110110011110         0    
45           1111101111010111111010111011110         0    
46           1111101111010111110010111011110         0    
47           1111110110010111111110110011110         0    
48           1111111111111111111111111111111110111110111010111111010111011110        0    
49           1111111111111111111111111111111110111011001010111110111010011110        0    
50           1111111111111111111111111111111110111011001010111110111100011110        0    
51           1111111111111111111111111111111110110111101011111110111101011110        0    
52           1111111111111111111111111111111110110111101011111110111111011110        0    
53           1111111111111111111111111111111110110111100011111110111110011110        0    
54           1111111111111111111111111111111110110111100011111110111010011110        0    
55           1111111111111111111111111111111110110101111011111110111011011110        0    
56           1111111111111111111111111111111110110101111011111110111011011110        0    
57           1111111111111111111111111111111110110001110011111110011011011010        0    
58           1111111111111111111111111111111110110001110011111110011111011010        0    
59           1111111111111111111111111111111110111111110011111111111111011010        0    
60           1111111111111111111111111111111110111111110011111111111111011010        0    
61           1111111111111111111111111111111110111111101011111111011111010110        0    
62           1111111111111111111111111111111110111111101011111111011011010110        0    
63           1111111111111111111111111111111110111111100011111111011010010110        0    
64           1111111111111111111111111111111110111111100011111111011010010110        0    
65           1111111111111111111111111111111110101111011100111111011011010110        0    
66           1111111111111111111111111111111110101111011100111111011101010110        0    
67           1111111111111111111111111111111110111111010100111111011100010110        0    
68           1111111111111111111111111111111110111111010100111111011110010110        0    
69           1111111111111111111111111111111110101111001100111111011110010110        0    
70           1111111111111111111111111111111110101111001100111111011000010110        0    
71           1111111111111111111111111111111110110011101100111111011000010010        0    
72           1111111111111111111111111111111110110011101100111111011010010010        0    
73           1111111111111111111111111111111110110101001101111111011111010010        0    
74           1111111111111111111111111111111110110101001101111111011111010010        0    
75           1111111111111111111111111111111110111101101101111111011110010010        0    
76           1111111111111111111111111111111110111101101101111111011110010010        0    
77           1111111111111111111111111111111110111101101101111111111111010010        0    
78           1111111111111111111111111111111110111101101101111111110101010010        0    
79           1111111111111111111111111111111111100101101101111110110101010110        0    
80           1111111111111111111111111111111111100101101101111110110111010110        0    
81           1111111111111111111111111111111111110101101101111110110111010110        0    
82           1111111111111111111111111111111111110101101101111110110101010110        0    
83           1111111111111111111111111111111111111101001101111111110101011010        0    
84           1111111111111111111111111111111111111101001101111111110111011010        0    
85           1111111111111111111111111111111111111101110101111111110111011010        0    
86           1111111111111111111111111111111111111101110101111111111101011010        0    
87           1111111111111111111111111111111111111111011101111110111101011110        0    
88           1111111111111111111111111111111111111111011101111110111111011110        0    
89           1111111111111111111111111111111111111111100101111110111111011110        0    
90           1111111111111111111111111111111111111111100101111110111101011110        0    
91           1111111111111111111111111111111111001111101101111110111101010010        0    
92           1111111111111111111111111111111111001111101101111110111111010010        0    
93           1111111111111111111111111111111111011111110101111110111111010010        0    
94           1111111111111111111111111111111111011111110101111110110101010010        0    
95           1111111111111111111111111111111111101111111110111110110101010110        0    
96           1111111111111111111111111111111111101111111110111110110111010110        0    
97           1111111111111111111111111111111111101111000110111111110111010110        0    
98           1111111111111111111111111111111111101111000110111111110101010110        0    
99           1111111111111111111111111111111111101111101110111111110101011010        0    
100          1111111111111111111111111111111111101111101110111111110111011010        0    
101          1111111111111111111111111111111111101010010110111110110111011010        0    
102          1111111111111111111111111111111111101010010110111110111101011010        1    
103          1111111111111111111111111111111111111111111110011110111110011010        0    
104          1111111111111111111111111111111111111111111110011101111110011010        0    
105          1111111111111111111111111111111111111111110110011101111111011010        0    
106          1111111111111111111111111111111111111111110110011101111111011010        0    
107          1111111111111111111111111111111111111111110110011101111000011010        4    
108          1111111111111111111111111111111111111111110110011011111000011010        4    
109          1111111111111111111111111111111111111111111111111011111000011010        0    
110          1111111111111111111111111111111111111111111111111011111000011110        0    
111          1111111111111111111111111111111111111111111111111011111110011110        0    
112          1111111111111111111111111111111111111111111111111011111110011110        0    
113          1111111111111111111111111111111111111111111111111011111100011110        1    
114          1111111111111111111111111111111111111111111110011011111100110010        0    
115          1111111111111111111111111111111111111111111110011011111100110010        0    
116          1111111111111111111111111111111111111111110110011011111100110010        0    
117          1111111111111111111111111111111111111111110110011011111100110010        2    
118          1111111111111111111111111111111111111111111110011011111100110110        2    
119          1111111111111111111111111111111111111111111110011011111100110110        2    
120          1111111111111111111111111111111111111111100110111011111100110110        0    
121          1111111111111111111111111111111111111111100110111011111110110110        0    
122          1111111111111111111111111111111111111111001110111011111110111010        0    
123          1111111111111111111111111111111111111111001110111011111000111011        0    
124          1111111111111111111111111111111111111111110110111100111000111011        0    
125          1111111111111111111111111111111111111111110110111111111000111011        0    
126          1111111111111111111111111111111111111111110110111110111000111011        0    
127          1111111111111111111111111111111111111111110110111110111000111011        0    
128          1111111111111111111111111111111111111111110110111101111000111111        4    
129          1111111111111111111111111111111111111111111111111101111000111111        0    
130          1111111111111111111111111111111111111111111111111101111000111111        0    
131          1111111111111111111111111111111111111111111111111101111110111111        0    
132          1111111111111111111111111111111111111111111111111101111110111111        0    
133          1111111111111111111111111111111111111111111111111101111100111111        0    
134          1111111111111111111111111111111111111111111111111101111100111111        0    
135          1111111111111111111111111111111111111111111111111101111010111111        0    
136          1111111111111111111111111111111111111111111111111101111010111111        0    
137          1111111111111111111111111111111111111111111111111101111000111111        3    
138          1111111111111111111111111111111111111111111111111101111000111111        3    
139          1111111111111111111111111111111111111111111111111101111110111111        3    
140          1111111111111111111111111111111111111111111110111101111110111111        0    
141          1111111111111111111111111111111111111111110110111101111110111111        0    
142          1111111111111111111111111111111111111111110110111101111111111111        0    
143          1111111111111111111111111111111111111111110110111111111111111111        3    
144          1111111111111111111111111111111111111111111110111111111111111111        3    
145          1111111111111111111111111111111111111111111110111111111111111111        3    
146          1111111111111111111111111111111111111111110110111111111111111111        3    
147          1111111111111111111111111111111111111111110110111101111111111111        3    
148          1111111111111111111111111111111110111111110110111110101111011111        3    
149          1111111111111111111111111111111110111111110110111111101111011111        3    
150          1111111111111111111111111111111110111111110110111111101111011111        3    
151          1111111111111111111111111111111110111111110110111110101111011111        3    
152          1111111111111111111111111111111110111111111110111110101111110011        2    
153          1111111111111111111111111111111110111111111110111111101111110011        2    
154          1111111111111111111111111111111110111111101110111111101111110011        0    
155          1111111111111111111111111111111110111101110111111111101111110011        0    
156          1111111111111111111111111111111110111101110111111111111111110011        0    
157          1111111111111111111111111111111110111101111111111111111110110011        0    
158          1111111111111111111111111111111110111101111111111111111110110011        0    
159          1111111111111111111111111111111111111111111111111111111110110011        0    
160          1111111111111111111111111111111111111111100111111111111111110011        0    
161          1111111111111111111111111111111111111111100111111111111101110011        0    
162          1111111111111111111111111111111111111111100111111111111101110011        0    
163          1111111111111111111111111111111111111111101111111111111101110011        0    
164          1111111111111111111111111111111111111111101111111111111111110011        0    
165          1111111111111111111111111111111111111111001111111111111111110011        0    
166          1111111111111111111111111111111111111111001111111111111111011111        0    
167          1111111111111111111111111111111111111111001111111111111101011111        3    
168          1111111111111111111111111111111111111110111111011111111101011111        0    
169          1111111111111111111111111111111111110110111111011111111101011111        0    
170          1111111111111111111111111111111111110110111111011110111101011111        0    
171          1111111111111111111111111111111111110110011111111110111101011111        0    
172          1111111111111111111111111111111111110110010111111110111101011011        0    
173          1111111111111111111111111111111111110110010011111110111101011010        0    
174          1111111111111111111111111111111111110110010011111111111101011010        0    
175          1111111111111111111111111111111111110110010011111111111101011010        0    
176          1111111111111111111111111111111111110111111011111111111101011010        0    
177          1111111111111111111111111111111111110111111011111111111101011010        0    
178          1111111111111111111111111111111111110111111011111110111101011010        0    
179          1111111111111111111111111111111111110111111011111110111101011010        0    
180          1111111111111111111111111111111111110111110011111110111110011010        0    
181          1111111111111111111111111111111111110111110011111111111110011010        0    
182          1111111111111111111111111111111111110111110011111111111110011010        0    
183          1111111111111111111111111111111111110111111011111111111111011010        4    
184          1111111111111111111111111111111111111111111111111111111111011010        0    
185          1111111111111111111111111111111111111111111111111111111111011010        0    
186          1111111111111111111111111111111111111111111111111111111111011010        0    
187          1111111111111111111111111111111111111111111111111110111111011010        0    
188          1111111111111111111111111111111111111111111111111110111111011010        0    
189          1111111111111111111111111111111111111111111111111110111111011110        0    
190          1111111111111111111111111111111111111111111111111110111111011110        0    
191          1111111111111111111111111111111111111111111111111110111111011110        0    
192          1111111111111111111111111111111111111111111111111110111111011110        0    
193          1111111111111111111111111111111111111111111111111110111111011110        0    
194          1111111111111111111111111111111111111111111111111110111111011110        0    
195          1111111111111111111111111111111111111111111111111110111111110010        0    
196          1111111111111111111111111111111111111111111111111110111111110010        0    
197          1111111111111111111111111111111111111111111111111110111111110010        0    
198          1111111111111111111111111111111111111111111111111110101111110010        0    
199          1111111111111111111111111111111111111111111111111110101111110010        0    
200          1111111111111111111111111111111111111111111111111110101111110010        0    
201          1111111111111111111111111111111111111111111111111110101110110010        0    
202          1111111111111111111111111111111111111111111111111111101110110010        0    
203          1111111111111111111111111111111111111111111111111111101110110010        0    
204          1111111111111111111111111111111111111111111111111111101111110010        0    
205          1111111111111111111111111111111111111111111111111111101111110010        0    
206          1111111111111111111111111111111111111111111111111111101111110010        0    
207          1111111111111111111111111111111111111111111111111111101101110010        0    
208          1111111111111111111111111111111111111111111111111110101101110010        0    
209          1111111111111111111111111111111111111111111111111110101101110010        0    
210          1111111111111111111111111111111111111111111111111110101111011110        0    
211          1111111111111111111111111111111111111111111111111110101111011110        0    
212          1111111111111111111111111111111111111111111111111110101111011110        0    
213          1111111111111111111111111111111111111111111111111110101100011110        0    
214          1111111111111111111111111111111111111111111111111110101100011110        0    
215          1111111111111111111111111111111111111111111111111110101100011110        0    
216          1111111111111111111111111111111111111111111111111110101011011110        1    
217          1111111111111111111111111111111111111111111111111110101011011110        1    
218          1111111111111111111111111111111111111111111111111110101011011110        1    
219          1111111111111111111111111111111111111111111111111110101011011110        1    
220          1111111111111111111111111111111111111111111011111110101011011110        0    
221          1111111111111111111111111111111111111111111011111110101011011110        0    
222          1111111111111111111111111111111111111111110011111111101011110010        0    
223          1111111111111111111111111111111111111111110011111111101011110010        0    
224          1111111111111111111111111111111111111111110011111111101011110010        0    
225          1111111111111111111111111111111111111111111011111111101010110010        0    
226          1111111111111111111111111111111111111111111011111111101010110010        0    
227          1111111111111111111111111111111111111111111011111111101010110010        0    
228          1111111111111111111111111111111111111111110011111111101001110010        0    
229          1111111111111111111111111111111111111111110011111011101001110010        2    
230          1111111111111111111111111111111110111101100011111011101001110010        0    
231          1111111111111111111111111111111110111111100011111011101001110010        0    
232          1111111111111111111111111111111110111011100011111011101000110010        0    
233          1111111111111111111111111111111110111011100011111011101010110010        0    
234          1111111111111111111111111111111111111011100011111011101010110010        0    
235          1111111111111111111111111111111111111111100011111011101010110010        0    
236          1111111111111111111111111111111111111111100011111011101100110010        0    
237          1111111111111111111111111111111111111111100011111011101100110010        0    
238          1111111111111111111111111111111111111111101011111011101100110110        0    
239          1111111111111111111111111111111111111111101011111011101110110110        0    
240          1111111111111111111111111111111111111111101011111011101110110110        0    
241          1111111111111111111111111111111111111111110011111011101110110110        0    
242          1111111111111111111111111111111111111111110011111011101000110110        0    
243          1111111111111111111111111111111111111111110011111011101000110110        0    
244          1111111111111111111111111111111111111111111011111011101000111010        1    
245          1111111111111111111111111111111111111111111011011111101000111010        0    
246          1111111111111111111111111111111111111111111011011111101000111010        0    
247          1111111111111111111111111111111111111111110011011111101111111010        0    
248          1111111111111111111111111111111111111111110011011111101111111010        0    
249          1111111111111111111111111111111111111111110011011111101111111010        4    
250          1111111111111111111111111111111111111111111011011111101110111010        4    
251          1111111111111111111111111111111111111111111011011111101110111010        4    
252          1111111111111111111111111111111111111111111011011111101110111010        4    
253          1111111111111111111111111111111111111111111011011110101101111010        4    
254          1111111111111111111111111111111111111111111111111110101101111010        0    
255          1111111111111111111111111111111111111111111111111110101101111010        0    
256          1111111111111111111111111111111111111111111111111110100111110110        0    
257          1111111111111111111111111111111111111111111111111110100111110110        0    
258          1111111111111111111111111111111111111111111111111110100111110110        0    
259          1111111111111111111111111111111111111111111111111110100101110110        0    
260          1111111111111111111111111111111111111111111111111110100101110110        0    
261          1111111111111111111111111111111111111111111111111110100101110110        0    
262          1111111111111111111111111111111111111111111111111110100111110010        0    
263          1111111111111111111111111111111111111111111111111110100111110010        0    
264          1111111111111111111111111111111111111111111111111110100111110010        0    
265          1111111111111111111111111111111111111111111111111110100101110010        0    
266          1111111111111111111111111111111111111111111111111111100101110010        0    
267          1111111111111111111111111111111111111111111111111111100101110010        0    
268          1111111111111111111111111111111111111111111111111111011110110010        0    
269          1111111111111111111111111111111111111111111111111111111110110010        0    
270          1111111111111111111111111111111111111111111111111111111110110010        0    
271          1111111111111111111111111111111111111111111111111111111111110010        0    
272          1111111111111111111111111111111111111111111111111000011111110010        0    
273          1111111111111111111111111111111111111111111111111000011111110010        0    
274          1111111111111111111111111111111111111111111111111000011010110010        0    
275          1111111111111111111111111111111111111111111111111000111010110010        0    
276          1111111111111111111111111111111111111111111111111000111010110010        0    
277          1111111111111111111111111111111111111111111111111000111001110010        0    
278          1111111111111111111111111111111111111111111111111000111001110010        0    
279          1111111111111111111111111111111111111111111111111000111001110010        0    
280          1111111111111111111111111111111111111111111111111000110111110010        0    
281          1111111111111111111111111111111111111111111111111000110111110010        0    
282          1111111111111111111111111111111111111111111111111000110111110010        0    
283          1111111111111111111111111111111111111111111111111000110101110110        0    
284          1111111111111111111111111111111111111111111111111000010101110110        0    
285          1111111111111111111111111111111111111111111111111000010101110110        0    
286          1111111111111111111111111111111111111111111111111000010011110110        0    
287          1111111111111111111111111111111111111111111111111111110011110110        0    
288          1111111111111111111111111111111111111111111111111111110011110110        0    
289          1111111111111111111111111111111111111111111111111111110001111010        0    
290          1111111111111111111111111111111111111111111111111111010001111010        0    
291          1111111111111111111111111111111111111111111111111111010001111010        0    
292          1111111111111111111111111111111111111111111111111111001111111010        0    
293          1111111111111111111111111111111111111111111111111111001111111010        0    
294          1111111111111111111111111111111111111111111111111111001111111010        3    
295          1111111111111111111111111111111111111111111111111111001101111110        3    
296          1111111111111111111111111111111110100110110010111110101101111110        0    
297          1111111111111111111111111111111110100111110010111110101101111110        0    
298          1111111111111111111111111111111110011111110010111111101101111110        0    
299          1111111111111111111111111111111110011111110010111111001101111110        0    
300          1111111111111111111111111111111110011111110010111111001101111110        0    
301          1111111111111111111111111111111110011111110010111110001110111110        4    
302          1111111111111111111111111111111110011111110010111111101110111110        4    
303          1111111111111111111111111111111110011110110010111111101110111110        4    
304          1111111111111111111111111111111110010110110010111111101111111110        4    
305          1111111111111111111111111111111111111111111111111111001111111110        0    
306          1111111111111111111111111111111111111111111111111111001111111110        0    
307          1111111111111111111111111111111111111111111111111111001110111110        0    
308          1111111111111111111111111111111111111111111111111111101110111110        1    
309          1111111111111111111111111111111111111111111111111111101110111110        1    
310          1111111111111111111111111111111111111111111111111111101101111110        1    
311          1111111111111111111111111111111111111111111111111111101101111110        1    
312          1111111111111111111111111111111111111111111111111111101101111110        1    
313          1111111111111111111111111111111111111111111111111111100110111110        1    
314          1111111111111111111111111111111111111111111011011111100110111110        0    
315          1111111111111111111111111111111111111111111011011111100110111110        0    
316          1111111111111111111111111111111111111111110011011110100111111110        0    
317          1111111111111111111111111111111111111111110011111110100111111110        0    
318          1111111111111111111111111111111111111111110011111110100111111110        0    
319          1111111111111111111111111111111111111111111011111101101110111110        0    
320          1111111111111111111111111111111111111111111011111101001110111110        0    
321          1111111111111111111111111111111111111111111011111101001110111110        0    
322          1111111111111111111111111111111111111111110011111100001111111110        0    
323          1111111111111111111111111111111111111111110011111011101111111110        0    
324          1111111111111111111111111111111111111111110011111011101111111110        4    
325          1111111111111111111111111111111111111111111111111011101110111110        0    
326          1111111111111111111111111111111111111111111111111011001110111110        0    
327          1111111111111111111111111111111111111111111111111011001110111110        0    
328          1111111111111111111111111111111111111111111111111011001111111110        0    
329          1111111111111111111111111111111111111111111111111011001111111110        0    
330          1111111111111111111111111111111111111111111111111011001011111111        0    
331          1111111111111111111111111111111111111111111111111011001011111111        0    
332          1111111111111111111111111111111111111111111111111011001110111111        1    
333          1111111111111111111111111111111111111111111011111011001110111111        0    
334          1111111111111111111111111111111111111111111100011011001110111111        0    
335          1111111111111111111111111111111111111111111100010111001110111111        0    
336          1111111111111111111111111111111111111111111100010111001110111111        0    
337          1111111111111111111111111111111111111111110100010111001111111111        0    
338          1111111111111111111111111111111111111111110100010111001111111111        0    
339          1111111111111111111111111111111111111111110100010111001111111111        0    
340          1111111111111111111111111111111111110111110100110111001111111111        0    
341          1111111111111111111111111111111111110111010100110111001111111111        0    
342          1111111111111111111111111111111111110111010100110111001101111111        0    
343          1111111111111111111111111111111111110111001100110111001110111111        0    
344          1111111111111111111111111111111111110111001100110111001110111111        0    
345          1111111111111111111111111111111111110111001100110111001110111111        0    
346          1111111111111111111111111111111111110111101100110111001110111111        0    
347          1111111111111111111111111111111111110111101100110111001110111111        1    
348          1111111111111111111111111111111111110111100100110111001110110011        1    
349          1111111111111111111111111111111111110111100100110111001110110011        1    
350          1111111111111111111111111111111111111111110100110111001110110011        0    
351          1111111111111111111111111111111111111111110011110111001110110011        0    
352          1111111111111111111111111111111111111111110011110110001110110011        0    
353          1111111111111111111111111111111111111111110011110110001110110011        0    
354          1111111111111111111111111111111111111111110011110110101110110011        0    
355          1111111111111111111111111111111111111111111011110111101110110011        0    
356          1111111111111111111111111111111111111111111011110111001110110011        0    
357          1111111111111111111111111111111111111111111011110111001110110011        0    
358          1111111111111111111111111111111111111111111011110111101110110011        0    
359          1111111111111111111111111111111111111111111011110111101110110011        0    
360          1111111111111111111111111111111111111111111011110111101110110011        0    
361          1111111111111111111111111111111111111111110011111001001110110111        0    
362          1111111111111111111111111111111111111111110011111000001110110111        0    
363          1111111111111111111111111111111111111111110011111000101110110111        0    
364          1111111111111111111111111111111111111111110011111111101110110111        0    
365          1111111111111111111111111111111111111111110011101111101110110111        0    
366          1111111111111111111111111111111111111111110011101110101110110111        0    
367          1111111111111111111111111111111111111111111011011110101110110111        0    
368          1111111111111111111111111111111111111111111011011101101110110111        0    
369          1111111111111111111111111111111111111111111011011101001110110111        0    
370          1111111111111111111111111111111111111111111011011100001110110111        0    
371          1111111111111111111111111111111111111111111011011111101110110111        0    
372          1111111111111111111111111111111111111111111011011111101110110111        0    
373          1111111111111111111111111111111111111111110011011111001110111011        0    
374          1111111111111111111111111111111111111111110011011111001110111011        0    
375          1111111111111111111111111111111111111111110011011110101110111011        0    
376          1111111111111111111111111111111111111111110011011111101110111011        0    
377          1111111111111111111111111111111111111111110011011111001110111011        0    
378          1111111111111111111111111111111111111111110011011110001110111011        0    
379          1111111111111111111111111111111111111111111011011110001110111011        0    
380          1111111111111111111111111111111111111111111011101110001110111011        0    
381          1111111111111111111111111111111111111111111011100111001110111011        0    
382          1111111111111111111111111111111111111111111011110111001110111011        0    
383          1111111111111111111111111111111111111111111011110110001110111011        4    
384          1111111111111111111111111111111111111111111011110110001110111011        4    
385          1111111111111111111111111111111111111111111011110110101110111011        4    
386          1111111111111111111111111111111111111111111011110111101110111011        4    
387          1111111111111111111111111111111111111111111111110111101110010011        0    
388          1111111111111111111111111111111111111111111111110111001110010011        0    
389          1111111111111111111111111111111111111111111111110111001110010011        0    
390          1111111111111111111111111111111111111111111111110111101110010011        0    
391          1111111111111111111111111111111111111111111111110111101110010011        0    
392          1111111111111111111111111111111111111111111111110111101110010011        0    
393          1111111111111111111111111111111111111111111111111101001110010011        0    
394          1111111111111111111111111111111111111111111111111101001110010011        0    
395          1111111111111111111111111111111111111111111111111101001110010011        0    
396          1111111111111111111111111111111111111111111111111101101110010011        0    
397          1111111111111111111111111111111111111111111111111101101110010011        0    
398          1111111111111111111111111111111111111111111111101101101110010011        0    
399          1111111111111111111111111111111111111111111111101101101110010011        0    
400          1111111111111111111111111111111111111111111111101101101110010011        1    
401          1111111111111111111111111111111111111111111011101101101110010011        0    
402          1111111111111111111111111111111111111111111011011101101110010011        0    
403          1111111111111111111111111111111111111111111011011101101110010111        0    
404          1111111111111111111111111111111111111111111011011100101110010111        0    
405          1111111111111111111111111111111111111111111011011100001110010111        0    
406          1111111111111111111111111111111111111111111011011011001110010111        0    
407          1111111111111111111111111111111111111111111011011010001110010111        0    
408          1111111111111111111111111111111111111111111011011010001110010111        0    
409          1111111111111111111111111111111111111111111011011001001110010111        0    
410          1111111111111111111111111111111111111111110011010111101110010111        0    
411          1111111111111111111111111111111111111110000011110111101110010111        0    
412          1111111111111111111111111111111111111110000011110111101110010111        0    
413          1111111111111111111111111111111111111110100011110111101110010111        0    
414          1111111111111111111111111111111111111110100011110111101110010111        0    
415          1111111111111111111111111111111111111101111011110111001110011011        0    
416          1111111111111111111111111111111111111101111011110111001110011011        0    
417          1111111111111111111111111111111111111101111011110111001110011011        0    
418          1111111111111111111111111111111111111101111011110111001110011011        0    
419          1111111111111111111111111111111111111101111011110111001110011011        0    
420          1111111111111111111111111111111111111101110011110111101110011011        0    
421          1111111111111111111111111111111111111101110011110111101110011011        0    
422          1111111111111111111111111111111111111101110011110111111110011011        0    
423          1111111111111111111111111111111111111101110011110111111110011011        0    
424          1111111111111111111111111111111111111101110011110111111110011011        0    
425          1111111111111111111111111111111111111101101011110111011110011111        0    
426          1111111111111111111111111111111111111101101011110111011110011111        0    
427          1111111111111111111111111111111111111101101011110111011110011111        0    
428          1111111111111111111111111111111111111111101011110111011110011111        0    
429          1111111111111111111111111111111111111111100011100111011111011111        0    
430          1111111111111111111111111111111111111111100011100111011111011111        3    
431          1111111111111111111111111111111111111111110011100111011111011111        0    
432          1111111111111111111111111111111111111111110011100110011111011111        0    
433          1111111111111111111111111111111111111111110011100110011111011111        0    
434          1111111111111111111111111111111111111111110011110110011010011111        0    
435          1111111111111111111111111111111111111111110011110111011010011111        0    
436          1111111111111111111111111111111111111111110011110110011010011111        0    
437          1111111111111111111111111111111111111111110011110111011010011111        2    
438          1111111111111111111111111111111111111111100011110111011010011111        0    
439          1111111111111111111111111111111111111111100011110111111011011111        0    
440          1111111111111111111111111111111111111111100011110111111101011111        0    
441          1111111111111111111111111111111111111111100011110111111111011111        0    
442          1111111111111111111111111111111110111111100011110111110001011111        0    
443          1111111111111111111111111111111110111111101011110111110010011111        0    
444          1111111111111111111111111111111110111111101011110111110010011111        0    
445          1111111111111111111111111111111110111111101011110111110110011111        0    
446          1111111111111111111111111111111110111101101011110111110110011111        0    
447          1111111111111111111111111111111110111101101011110111110110011111        0    
448          1111111111111111111111111111111110111101110011110111110111011111        0    
449          1111111111111111111111111111111110111101110011110111111011011111        0    
450          1111111111111111111111111111111110111101110011110111111011011111        0    
451          1111111111111111111111111111111110111101110011110111111011011111        0    
452          1111111111111111111111111111111110111101110011110111111111011111        0    
453          1111111111111111111111111111111110111101111011111101111100011111        0    
454          1111111111111111111111111111111110111101111011111101111110011111        0    
455          1111111111111111111111111111111110111101111011111101110100011111        0    
456          1111111111111111111111111111111110111101111011111101110100011111        0    
457          1111111111111111111111111111111110111101111011111101110110011111        0    
458          1111111111111111111111111111111110111111000011111101110111011111        0    
459          1111111111111111111111111111111110111111000011111101110101011111        0    
460          1111111111111111111111111111111110111111000011111101110111011111        0    
461          1111111111111111111111111111111110111111000011111101110111011111        0    
462          1111111111111111111111111111111110111111001011101101111110011111        1    
463          1111111111111111111111111111111111111111111011101101111110011111        0    
464          1111111111111111111111111111111111111111111011101100111110011111        0    
465          1111111111111111111111111111111111111111111011101011111110011111        0    
466          1111111111111111111111111111111111111111111011101011111110011111        0    
467          1111111111111111111111111111111111111111111011101010111110011111        0    
468          1111111111111111111111111111111111111111111011011010111111011111        0    
469          1111111111111111111111111111111111111111111011011001111111011111        0    
470          1111111111111111111111111111111111111111111011011001111111011111        4    
471          1111111111111111111111111111111111111111111111111001111111011111        0    
472          1111111111111111111111111111111111111111111111111001111000011111        0    
473          1111111111111111111111111111111111111111111111111001111110011111        0    
474          1111111111111111111111111111111111111111111111111001111100011111        0    
475          1111111111111111111111111111111111111111111111111001111010011111        0    
476          1111111111111111111111111111111111111111111111110111111011011111        0    
477          1111111111111111111111111111111111111111111111110111111001011111        0    
478          1111111111111111111111111111111111111111111111110111111111011111        3    
479          1111111111111111111111111111111110111110010011010111111111011111        0    
480          1111110010011010111111111011111         0    
481          1111110010011010111111111011111         0    
482          1111111111011000111111110011111         0    
483          1111111111011000111111110011111         0    
484          1111111111011000111111110011111         0    
485          1111111111011000111111110011111         0    
486          1111111111011000111111110011111         0    
487          1111111110010110111111111011111         0    
488          1111111110010110111111111011111         0    
489          1111111110010110111111111011111         0    
490          1111111110010110111111111011111         0    
491          1111111111010111110111111011011         0    
492          1111111111010111111111111011011         0    
493          1111111111010111110111111011011         0    
494          1111101111010111110111111011011         0    
495          1111101110010111111111111011011         0    
496          1111101110010111110111111011011         0    
497          1111101110010111111111111011011         0    
498          1111101110010111111111111011011         0    
499          1111101110010111111111111010111         0    
500          1111101110010111111111111010111         0    
501          1111101110010110101111111010111         0    
502          1111101110010110101111111010111         0    
503          1111101110010110101111111010111         0    
504          1111101110010110111111111010111         0    
505          1111101110010110111111111010111         0    
506          1111101111010110111111111010011         0    
507          1111111111111111111111111111111111111111111010110100111111010011        0    
508          1111111111111111111111111111111111111111111010110101111111010011        4    
509          1111111111111111111111111111111111111111111111110101111111010011        0    
510          1111111111111111111111111111111111111111111111110101111111010011        0    
511          1111111111111111111111111111111111111111111111110101111100010011        0    
512          1111111111111111111111111111111111111111111111110101111110010011        0    
513          1111111111111111111111111111111111111111111111110101111100010011        0    
514          1111111111111111111111111111111111111111111111110101111110010011        0    
515          1111111111111111111111111111111111111111111111110101111111010011        0    
516          1111111111111111111111111111111111111111111111110101111101010011        0    
517          1111111111111111111111111111111111111111111111110101111111010011        0    
518          1111111111111111111111111111111111111111111111110101111101010011        0    
519          1111111111111111111111111111111111111111111111110101111110010011        0    
520          1111111111111111111111111111111111111111111111110101111110010011        0    
521          1111111111111111111111111111111111111111111111110101111110010011        4    
522          1111111111111111111111111111111111111111111111110101111110010111        4    
523          1111111111111111111111111111111111111111111111110101111110010111        4    
524          1111111111111111111111111111111111111111111111110101111110010111        4    
525          1111111111111111111111111111111111111110111011110101111110010111        0    
526          1111111111111111111111111111111111111010011011110111111110010111        0    
527          1111111111111111111111111111111111111010011011110111111110010111        0    
528          1111111111111111111111111111111111111111111011110111111110010111        0    
529          1111111111111111111111111111111111111111111011110111111110010111        0    
530          1111111111111111111111111111111111111111011011110111111110010111        4    
531          1111111111111111111111111111111111111111011011111011111110010111        4    
532          1111111111111111111111111111111111111111111111111011111110010111        0    
533          1111111111111111111111111111111111111111111111111011111110011011        0    
534          1111111111111111111111111111111111111111111111111011111110011011        0    
535          1111111111111111111111111111111111111111111111111011011110011011        0    
536          1111111111111111111111111111111111111111111111111011011110011011        0    
537          1111111111111111111111111111111111111111111111111011011110011011        0    
538          1111111111111111111111111111111111111111111111111011011110011011        1    
539          1111111111111111111111111111111111111111111111111011011110011011        1    
540          1111111111111111111111111111111111111111110011011011011110011011        0    
541          1111111111111111111111111111111111111111110011011011011110011011        0    
542          1111111111111111111111111111111111111111110011010111011110011011        0    
543          1111111111111111111111111111111111111111110011010111011110011011        0    
544          1111111111111111111111111111111111111111110011010111011110011011        0    
545          1111111111111111111111111111111111111111110011010111011110011011        0    
546          1111111111111111111111111111111111111111110011010111011110011011        0    
547          1111111111111111111111111111111111111111111011010111011110011111        4    
548          1111111111111111111111111111111111111111111111110111011110011111        0    
549          1111111111111111111111111111111111111111111111110111011110011111        0    
550          1111111111111111111111111111111111111111111111110111011110011111        0    
551          1111111111111111111111111111111111111111111111110111011110011111        0    
552          1111111111111111111111111111111111111111111111110111011110011111        0    
553          1111111111111111111111111111111111111111111111110111011110011111        0    
554          1111111111111111111111111111111111111111111111110111011110011111        0    
555          1111111111111111111111111111111111111111111111110111011110011111        0    
556          1111111111111111111111111111111111111111111111110111011110011111        0    
557          1111111111111111111111111111111111111111111111110111011110011111        0    
558          1111111111111111111111111111111111111111111111110111011110011111        0    
559          1111111111111111111111111111111111111111111111110111011110011111        0    
560          1111111111111111111111111111111111111111111111110111011110011111        0    
561          1111111111111111111111111111111111111111111111110111011110010011        0    
562          1111111111111111111111111111111111111111111111110111011110010011        0    
563          1111111111111111111111111111111111111111111111110111011110010011        0    
564          1111111111111111111111111111111111111111111111110111011110010011        3    
565          111111111010110111011110010011          0    
566          111111111010110111011110010011          0    
567          111111111010110111011110010010          0    
568          111111110010010111011110010010          0    
569          111111110010010111011110010010          0    
570          111011110010010111011110010110          0    
571          1111011110010010111011110010110         0    
572          1111111110001111011011110010110         0    
573          1111111110001111011011110010110         0    
574          1111111111001111011011110011010         0    
575          1111101111001111011011110011010         0    
576          1111101110001011011011110011010         0    
577          1111101110001011011011110011010         0    
578          1111101111001011011111101011010         0    
579          1111111111111111111111111111111111111111111111111011111101011010        0    
580          1111111111111111111111111111111111111111111111111011011100011010        0    
581          1111111111111111111111111111111111111111111111111011011110011010        0    
582          1111111111111111111111111111111111111111111111111011011110011010        0    
583          1111111111111111111111111111111111111111111111111011111011011010        0    
584          1111111111111111111111111111111111111111111111111011111011011010        0    
585          1111111111111111111111111111111111111111111111111011111011011010        0    
586          1111111111111111111111111111111111111111111111111011011011011010        0    
587          1111111111111111111111111111111111111111111111111011011111011010        0    
588          1111111111111111111111111111111111111111111111111011011111011010        0    
589          1111111111111111111111111111111111111111111111111011111111010110        3    
590          1111111111111111111111111111111111111111111111111011111111010110        3    
591          1111111111111111111111111111111111111111111111111011111111010110        3    
592          1111111111111111111111111111111111111111111111111011111111010110        3    
593          1111111111111111111111111111111111111111111111111011111011010110        3    
594          1111111111111111111111111111111110110111110001111011111011010110        0    
595          1111111111111111111111111111111110110111111001111011111011010010        0    
596          1111111111111111111111111111111110110111111001111100111011010010        0    
597          1111111111111111111111111111111110110111111001111100111011010010        0    
598          1111111111111111111111111111111110110111110010011100111010010010        0    
599          1111111111111111111111111111111110110111110010011101111010010010        0    
600          1111111111111111111111111111111110110111110010011101111010010010        0    
601          1111111111111111111111111111111110101111110010011101011011010010        0    
602          1111111111111111111111111111111110101111110010011111011011010010        0    
603          1111111111111111111111111111111110101111110010011111011011010010        0    
604          1111111111111111111111111111111110101111111010011111111010010010        0    
605          1111111111111111111111111111111110101101111010011111111010010010        2    
606          1111111111111111111111111111111110101101101010111111111010010010        0    
607          1111111111111111111111111111111110101101100010111110011010010010        0    
608          1111111111111111111111111111111110101101100010111110011100010010        0    
609          1111111111111111111111111111111110101101011010111110111100011110        0    
610          1111111111111111111111111111111110101101111010111110111110011110        0    
611          1111111111111111111111111111111110101101110010111111011110011110        0    
612          1111111111111111111111111111111110101101010010111111011000011110        0    
613          1111111111111111111111111111111110101101001010111111011001011110        0    
614          1111111111111111111111111111111110101111101010111111011011011110        0    
615          1111111111111111111111111111111110110011101010111111011010011110        0    
616          1111111111111111111111111111111110110011001010111111011110011110        0    
617          1111111111111111111111111111111110110111001010111111011111011110        0    
618          1111111111111111111111111111111110110111001010111111011111011110        0    
619          1111111111111111111111111111111110111011001011111111011111011010        0    
620          1111111111111111111111111111111110111011001011111111011011011010        0    
621          1111111111111111111111111111111110111011000011111111011011011010        0    
622          1111111111111111111111111111111110111011000011111111011011011010        0    
623          1111111111111111111111111111111110111011111011111111011011010110        0    
624          1111111111111111111111111111111110111010111011111111011111010110        0    
625          1111111111111111111111111111111110111010110011111111111110010110        0    
626          1111111111111111111111111111111110111010110011111111111110010110        0    
627          1111111111111111111111111111111110111110110011111110011111010110        0    
628          1111111111111111111111111111111110111101110011111110011001010110        0    
629          1111111111111111111111111111111111110001110011111110111000010110        0    
630          1111111111111111111111111111111111100001110011111110111010010110        1    
631          1111111111111111111111111111111111111111110011111110111010010110        0    
632          1111111111111111111111111111111111111111110011111110111010010110        0    
633          1111111111111111111111111111111111111111110011111101111010010110        0    
634          1111111111111111111111111111111111111111110100011101111010010010        0    
635          1111111111111111111111111111111111111111110100011100111010010010        0    
636          1111111111111111111111111111111111111111110100011100111111010010        0    
637          1111111111111111111111111111111111111111110100011111111111010010        4    
638          1111111111111111111111111111111111111111111111111111111111010010        0    
639          1111111111111111111111111111111111111111111111111111111110010010        0    
640          1111111111111111111111111111111111111111111111111111111110010010        0    
641          1111111111111111111111111111111111111111111111111111011101010010        0    
642          1111111111111111111111111111111111111111111111111111010111010010        0    
643          1111111111111111111111111111111111111111111111111111110111010110        0    
644          1111111111111111111111111111111111111111111111111111110101010110        0    
645          1111111111111111111111111111111111111111111111111111010101010110        0    
646          1111111111111111111111111111111111111111111111111111010111010110        1    
647          1111111111111111111111111111111111111111110100111111010111010110        0    
648          1111111111111111111111111111111111111111111100111111110111011010        0    
649          1111111111111111111111111111111111111111111100111110110111011010        0    
650          1111111111111111111111111111111111111111110100111111010111011010        0    
651          1111111111111111111111111111111111111111110100111111010111011010        0    
652          1111111111111111111111111111111111111111111100111111110111011110        0    
653          1111111111111111111111111111111111111111111100111111110111011110        0    
654          1111111111111111111111111111111111111111111111111000010111011110        0    
655          1111111111111111111111111111111111111111111111111000010111011110        0    
656          1111111111111111111111111111111111111111111111111000010101011110        0    
657          1111111111111111111111111111111111111111111111111000110101010010        0    
658          1111111111111111111111111111111111111111111111111000110101010010        0    
659          1111111111111111111111111111111111111111111111111000111111010010        0    
660          1111111111111111111111111111111111111111111111111001011111010010        0    
661          1111111111111111111111111111111111111111111111111001011111010010        0    
662          1111111111111111111111111111111111111111111111111001011101010010        3    
663          1111111111100111001111100010010         0    
664          1111111111100111001111100010010         0    
665          1111111111100111001111100010010         0    
666          1110011111100111011011111010010         0    
667          1111111111111111111111111111111111100011111100111011011111010010        0    
668          1111111111111111111111111111111111100011111100111010011111010010        0    
669          1111111111111111111111111111111111100011110100111010011110010010        0    
670          1111111111111111111111111111111111110011110100111010011110010010        0    
671          1111111111111111111111111111111111110011110100111011011110010010        0    
672          1111111111111111111111111111111111110011011101011011011110010110        4    
673          1111111111111111111111111111111111111111111111111011011110010110        0    
