time         game_state
1            1111111111111111111111111111111111111111111111111110011111011110        0    
2            1111111111111111111111111111111111111111111111111110111111011110        0    
3            1111111111111111111111111111111111111111111111111110111111011110        0    
4            1111111111111111111111111111111111111111111111111111011111110010        0    
5            1111111111111111111111111111111111111111111111111111011111110010        0    
6            1111111111111111111111111111111111111111111111111111111111110010        0    
7            1111111111111111111111111111111111111111111111111111111111110010        0    
8            1111111111111111111111111111111111111111111111111000011110110010        0    
9            1111111111111111111111111111111111111111111111111000011110110010        0    
10           1111111111111111111111111111111111111111111111111000111111110010        0    
11           1111111111111111111111111111111111111111111111111000111101110010        0    
12           1111111111111111111111111111111111111111111111111000111101110010        0    
13           1111111111111111111111111111111111111111111111111000111111110010        0    
14           1111111111111111111111111111111111111111111111111000111111011110        0    
15           1111111111111111111111111111111111111111111111111000111101011110        0    
16           1111111111111111111111111111111111111111111111111000011100011110        0    
17           1111111111111111111111111111111111111111111111111000001110011110        0    
18           1111111111111111111111111111111111111111111111111111101111011110        0    
19           1111111111111111111111111111111111111111111111111111101111011110        3    
20           1111111111111111111111111111111111111101110011011111101111011110        0    
21           1111111111111111111111111111111111111101110011011111001111011010        0    
22           1111111111111111111111111111111111111101110011011111001111011010        0    
23           1111111111111111111111111111111111111101111011011111101111011010        0    
24           1111111111111111111111111111111111111101111011011110101111011010        0    
25           1111111111111111111111111111111111111101110011011110001111010110        4    
26           1111111111111111111111111111111111111101110011011111001111010110        4    
27           1111111111111111111111111111111111111111111111111111001111010110        0    
28           1111111111111111111111111111111111111111111111111111001111010110        0    
29           1111111111111111111111111111111111111111111111111111001011010110        0    
30           1111111111111111111111111111111111111111111111111111001011010010        0    
31           1111111111111111111111111111111111111111111111111111001011010010        0    
32           1111111111111111111111111111111111111111111111111111101100010010        0    
33           1111111111111111111111111111111111111111111111111111101110010010        0    
34           1111111111111111111111111111111111111111111111111111001111010010        0    
35           1111111111111111111111111111111111111111111111111111001101010010        3    
36           1111111111111111111111111111111111111111111111111111101110010010        3    
37           1111111111111111111111111111111111111111111111111111101110010010        3    
38           110111011011111111101110010010          0    
39           110111010011111011001110010010          0    
40           110111010011111100001110010010          0    
41           110111111011111100101110011110          0    
42           110111111011111101101110011110          2    
43           1110111110011111101101110011110         2    
44           1110111110011111110101110011110         2    
45           1110111110011111110101110011110         0    
46           1110111101011111110101111011110         0    
47           1110111101011111110101111011110         0    
48           1110111100011111110010100011110         0    
49           1110111100011111110010110011110         0    
50           1111011100011111111110111011110         0    
51           1111011100011111111111001011110         0    
52           1111101100011111111011010011110         0    
53           1111101100011111111011010011110         0    
54           1111101101010111111011111011110         0    
55           1111101110010111110111100011110         0    
56           1111101110010111110111110011110         0    
57           1111101111010111110011111011110         0    
58           1111101111010111110010101011110         0    
59           1111110100010111111110101011110         0    
60           1111110100010111111110111011110         0    
61           1111111111111111111111111111111110111110101010111111010111010010        0    
62           1111111111111111111111111111111110111110101010111111010101010010        0    
63           1111111111111111111111111111111110111011001010111110110101010010        0    
64           1111111111111111111111111111111110111011001010111110110111010010        0    
65           1111111111111111111111111111111110110111101011111110110111010110        0    
66           1111111111111111111111111111111110110111101011111110111101010110        0    
67           1111111111111111111111111111111110110111100011111110111101010110        0    
68           1111111111111111111111111111111110110111100011111110111111010110        0    
69           1111111111111111111111111111111110110101111011111110111111011010        0    
70           1111111111111111111111111111111110110101111011111110111101011010        0    
71           1111111111111111111111111111111110110001110011111110111101011010        0    
72           1111111111111111111111111111111110110001110011111110111111011010        0    
73           1111111111111111111111111111111110111111110100111110111110011010        0    
74           1111111111111111111111111111111110111111110100111110110110011010        0    
75           1111111111111111111111111111111110111111111100111110110111011010        0    
76           1111111111111111111111111111111110111111111100111110110111011010        0    
77           1111111111111111111111111111111110111111000100111110111010011010        0    
78           1111111111111111111111111111111110111111000100111110111100011010        0    
79           1111111111111111111111111111111110101111001100111111111100011110        0    
80           1111111111111111111111111111111110101111001100111111111110011110        0    
81           1111111111111111111111111111111110111111010100111111111110011110        0    
82           1111111111111111111111111111111110111111010100111111111000011110        0    
83           1111111111111111111111111111111110101111011100111110111000110010        0    
84           1111111111111111111111111111111110101111011100111110111010110010        0    
85           1111111111111111111111111111111110101111100100111110111010110010        0    
86           1111111111111111111111111111111110101111100100111110111100110010        0    
87           1111111111111111111111111111111110110110100100111111111100110110        0    
88           1111111111111111111111111111111110110110100100111111111110110110        0    
89           1111111111111111111111111111111110110110100100111111111110110110        0    
90           1111111111111111111111111111111110110110100100111111111000110110        0    
91           1111111111111111111111111111111110111111100100111110111000111010        0    
92           1111111111111111111111111111111110111111100100111110111010111010        0    
93           1111111111111111111111111111111110111111101100111110111101111010        0    
94           1111111111111111111111111111111110111110110100111111111110111010        1    
95           1111111111111111111111111111111110111110110100111111111110111010        1    
96           1111111111111111111111111111111110111110111100111111111111111010        1    
97           1111111111111111111111111111111110111110111100111111111011111010        1    
98           1111111111111111111111111111111111111111111100111111111011111010        0    
99           1111111111111111111111111111111111111111111100111110111011110110        0    
100          1111111111111111111111111111111111111111111100111111111011110110        0    
101          1111111111111111111111111111111111111111111100111111111011110110        0    
102          1111111111111111111111111111111111111111111100111110111011110110        0    
103          1111111111111111111111111111111111111111111101011110111011110010        4    
104          1111111111111111111111111111111111111111111101011011111011110010        4    
105          1111111111111111111111111111111111111111111111111011111011110010        0    
106          1111111111111111111111111111111111111111111111111011111011110010        0    
107          1111111111111111111111111111111111111111111111111011111111110010        0    
108          1111111111111111111111111111111111111111111111111011111110110010        1    
109          1111111111111111111111111111111111111111111111111011111100110010        1    
110          1111111111111111111111111111111111111111111101011011111100110010        0    
111          1111111111111111111111111111111111111111111101011011111101110010        0    
112          1111111111111111111111111111111111111111111101011011111101110010        0    
113          1111111111111111111111111111111111111111111101011011111110110010        0    
114          1111111111111111111111111111111111111111111101011011111110110010        0    
115          1111111111111111111111111111111111111111110101111011111110110010        2    
116          1111111111111111111111111111111111111111110101111011111110110010        2    
117          1111111111111111111111111111111111011111100101111011111110110010        0    
118          1111111111111111111111111111111111011111001101111011111110110110        0    
119          1111111111111111111111111111111111011111001101111011111110110110        0    
120          1111111111111111111111111111111111011111001101111011111110110111        0    
121          1111111111111111111111111111111111111111110110011011111110110111        0    
122          1111111111111111111111111111111111111111110110011111111110110111        0    
123          1111111111111111111111111111111111111111110110011111111110110111        0    
124          1111111111111111111111111111111111111111110110011111111110110111        4    
125          1111111111111111111111111111111111111111110110011111111110110111        4    
126          1111111111111111111111111111111111111111111111111111111110111011        0    
127          1111111111111111111111111111111111111111111111111111111110111011        0    
128          1111111111111111111111111111111111111111111111111111111110111011        0    
129          1111111111111111111111111111111111111111111111111111111110111011        0    
130          1111111111111111111111111111111111111111111111111111111110111011        0    
131          1111111111111111111111111111111111111111111111111111111110111011        0    
132          1111111111111111111111111111111111111111111111111111111110111011        0    
133          1111111111111111111111111111111111111111111111111111111110111011        0    
134          1111111111111111111111111111111111111111111111111111111110111011        0    
135          1111111111111111111111111111111111111111111111111111111110111011        0    
136          1111111111111111111111111111111111111111111111111111111110111011        1    
137          1111111111111111111111111111111111111111111111111111111110111011        1    
138          1111111111111111111111111111111111111111111110011111111110111011        0    
139          1111111111111111111111111111111111111111110110011111111110111011        0    
140          1111111111111111111111111111111111111111110110011110111110111111        0    
141          1111111111111111111111111111111111111111111110011110111110111111        0    
142          1111111111111111111111111111111111111111111110011011111110111111        0    
143          1111111111111111111111111111111111111111110110011011111110111111        0    
144          1111111111111111111111111111111111111111110110011010111110111111        0    
145          1111111111111111111111111111111111111111110110011010111110111111        0    
146          1111111111111111111111111111111111111111110110011011111110111111        0    
147          1111111111111111111111111111111111111111110110011011111110111111        0    
148          1111111111111111111111111111111111111111110110011010111110111111        0    
149          1111111111111111111111111111111111111111111110011010111110111111        0    
150          1111111111111111111111111111111111111111111110011111111110111111        0    
151          1111111111111111111111111111111111111111110110101111111110110011        0    
152          1111111111111111111111111111111111111111110110101110111110110011        0    
153          1111111111111111111111111111111111111111111110101110111110110011        0    
154          1111111111111111111111111111111111111111111110101111111110110011        0    
155          1111111111111111111111111111111111111111110110101111111110110011        0    
156          1111111111111111111111111111111111111111110110101110111110110011        0    
157          1111111111111111111111111111111111111111110110111110111110110011        0    
158          1111111111111111111111111111111111111111111110111110111110110011        0    
159          1111111111111111111111111111111111111111111110111011111110110011        0    
160          1111111111111111111111111111111111111111111110111011111110110011        0    
161          1111111111111111111111111111111111111111111110111010111110110011        0    
162          1111111111111111111111111111111111111111111110111010111110110011        0    
163          1111111111111111111111111111111111111111111110111011111110110011        0    
164          1111111111111111111111111111111111111111111110111001111110110111        0    
165          1111111111111111111111111111111111111111110110111001111110110111        0    
166          1111111111111111111111111111111111111111110110111001111110110111        0    
167          1111111111111111111111111111111111111111111110111001111110110111        0    
168          1111111111111111111111111111111111111111111110111111111110110111        0    
169          1111111111111111111111111111111111111111110110111111111110110111        0    
170          1111111111111111111111111111111111111111110110111111111110110111        0    
171          1111111111111111111111111111111111111111110110111111111110110111        0    
172          1111111111111111111111111111111111111111111110111111111110110111        0    
173          1111111111111111111111111111111111111111111110111101111110110111        0    
174          1111111111111111111111111111111111111111110110111101111110110111        0    
175          1111111111111111111111111111111111111111110110111101111110110111        0    
176          1111111111111111111111111111111111111111110110111101111110110111        0    
177          1111111111111111111111111111111111111111110110111011111110111011        0    
178          1111111111111111111111111111111111111111110110111011111110111011        4    
179          1111111111111111111111111111111111111111110110111010111110111011        4    
180          1111111111111111111111111111111111111111111110111010111110111011        4    
181          1111111111111111111111111111111111111111111110111001111110111011        4    
182          1111111111111111111111111111111111111111111111111001111110111011        0    
183          1111111111111111111111111111111111111111111111111001111110111011        0    
184          1111111111111111111111111111111111111111111111111001111101111011        0    
185          1111111111111111111111111111111111111111111111111001111101111011        0    
186          1111111111111111111111111111111111111111111111111001111111111011        0    
187          1111111111111111111111111111111111111111111111111001111111111011        0    
188          1111111111111111111111111111111111111111111111111001111101111011        0    
189          1111111111111111111111111111111111111111111111101001111100111011        0    
190          1111111111111111111111111111111111111111111111101001111110111011        0    
191          1111111111111111111111111111111111111111111111101001111110111011        0    
192          1111111111111111111111111111111111111111111111101001111100111011        0    
193          1111111111111111111111111111111111111111111111101001111100111011        0    
194          1111111111111111111111111111111111111111111111101001111110111011        0    
195          1111111111111111111111111111111111111111111111111001111011111011        3    
196          1111111111111111111111111111111111111111111111111001111011111011        3    
197          1111110010111011001111011111011         0    
198          1111111111111011001111011111011         0    
199          1111111111111011010111011111011         0    
200          1111111110111011010111011111011         0    
201          1111101110111011011111011111011         0    
202          1111101110111101011111011110111         4    
203          1111101111111101011111011110111         4    
204          1111101111111101100111011110111         4    
205          1111101110111101100111011110111         1    
