time         game_state
1            1111111111111111111111111111111111111111111111111110011111011110        0    
2            1111111111111111111111111111111111111111111111111110111111011110        0    
3            1111111111111111111111111111111111111111111111111110111111011110        0    
4            1111111111111111111111111111111111111111111111111111011111110010        0    
5            1111111111111111111111111111111111111111111111111111011111110010        0    
6            1111111111111111111111111111111111111111111111111111111111110010        0    
7            1111111111111111111111111111111111111111111111111111111111110010        0    
8            1111111111111111111111111111111111111111111111111000011110110010        0    
9            1111111111111111111111111111111111111111111111111000011110110010        0    
10           1111111111111111111111111111111111111111111111111000111111110010        0    
11           1111111111111111111111111111111111111111111111111000111101110010        0    
12           1111111111111111111111111111111111111111111111111000111101110010        0    
13           1111111111111111111111111111111111111111111111111000111111110010        0    
14           1111111111111111111111111111111111111111111111111000111111011110        0    
15           1111111111111111111111111111111111111111111111111000111101011110        0    
16           1111111111111111111111111111111111111111111111111000011100011110        0    
17           1111111111111111111111111111111111111111111111111000001110011110        0    
18           1111111111111111111111111111111111111111111111111111101111011110        3    
19           1111111111111111111111111111111111111111111111111111101111011110        3    
20           1111111111111111111111111111111110111101110011011111101111011110        0    
21           1111111111111111111111111111111110111101110011011111001111011010        0    
22           1111111111111111111111111111111110111101110011011111001111011010        0    
23           1111111111111111111111111111111110111101111011011111101111011010        0    
24           1111111111111111111111111111111110111101111011011110101111011010        0    
25           1111111111111111111111111111111110111101111011011110001111010110        4    
26           1111101110011011111001111010110         4    
27           1111111111111111111111111111111111111111111111111111001111010110        0    
28           1111111111111111111111111111111111111111111111111111001111010110        0    
29           1111111111111111111111111111111111111111111111111111001011010110        0    
30           1111111111111111111111111111111111111111111111111111001011010010        0    
31           1111111111111111111111111111111111111111111111111111001011010010        0    
32           1111111111111111111111111111111111111111111111111111101100010010        0    
33           1111111111111111111111111111111111111111111111111111101110010010        0    
34           1111111111111111111111111111111111111111111111111111001111010010        0    
35           1111111111111111111111111111111111111111111111111111001101010010        0    
36           1111111111111111111111111111111111111111111111111111101110010010        3    
37           1111111111111111111111111111111111111111111111111111101110010010        3    
38           1110111011011111111101110010010         0    
39           1110110110011111011001110010010         0    
40           1110110110011111100001110010010         0    
41           1110111111011111100101110011110         0    
42           1110111111011111101101110011110         2    
43           1110111111011111101101110011110         2    
44           1110101110011111110101110011110         2    
45           1110101110011111110101110011110         0    
46           1110101101011111110101111011110         0    
47           1110101101011111110101111011110         0    
48           1110101100011111110010100011110         0    
49           1110101100011111110010110011110         0    
50           1111001100011111111110111011110         0    
51           1111001100011111111111001011110         0    
52           1111001100011111111011010011110         0    
53           1111101100011111111011010011110         0    
54           1111101100010111111011011011110         0    
55           1111111111111111111111111111111110111101101010111111011111011110        0    
56           1111111111111111111111111111111110111101110010111110111100011110        0    
57           1111111111111111111111111111111110111101110010111110111110011110        0    
58           1111111111111111111111111111111110111101111010111110011111011110        0    
59           1111111111111111111111111111111110111101111010111110010101011110        0    
60           1111111111111111111111111111111110111101111010111111110101011110        0    
61           1111111111111111111111111111111110111110000010111111110111011110        0    
62           1111111111111111111111111111111110111110000010111111010111010010        0    
63           1111111111111111111111111111111110111110101010111111010101010010        0    
64           1111111111111111111111111111111110111011001010111110110101010010        0    
65           1111111111111111111111111111111110111011001010111110110111010010        0    
66           1111111111111111111111111111111110110111001011111110110111010110        0    
67           1111111111111111111111111111111110110111001011111110111101010110        0    
68           1111111111111111111111111111111110110111001011111110111101010110        0    
69           1111111111111111111111111111111110110111000011111110111111010110        0    
70           1111111111111111111111111111111110110111000011111110111111011010        0    
71           1111111111111111111111111111111110110111111011111110111101011010        0    
72           1111111111111111111111111111111111110011110011111110111101011010        0    
73           1111111111111111111111111111111111110011110011111110111111011010        0    
74           1111111111111111111111111111111111111111110100111110111110011010        0    
75           1111111111111111111111111111111111111111110100111110110110011010        0    
76           1111111111111111111111111111111111111111110100111110110111011010        0    
77           1111111111111111111111111111111111101111111100111110110111011010        0    
78           1111111111111111111111111111111111101111111100111110111010011010        0    
79           1111111111111111111111111111111111101111100100111110111100011010        0    
80           1111111111111111111111111111111111101110001100111111111100011110        0    
81           1111111111111111111111111111111111101110001100111111111110011110        0    
82           1111111111111111111111111111111111101110110100111111111110011110        0    
83           1111111111111111111111111111111111101110110100111111111000011110        0    
84           1111111111111111111111111111111111101110110100111110111000110010        0    
85           1111111111111111111111111111111111111110111100111110111010110010        0    
86           1111111111111111111111111111111111111110111100111110111010110010        0    
87           101110100100111110111100110010          0    
88           110110100100111111111100110110          0    
89           110110100100111111111110110110          0    
90           110110100100111111111110110110          0    
91           110110100100111111111000110110          0    
92           110110100100111110111000111010          0    
93           111111100100111110111010111010          0    
94           111111100100111110111011111010          0    
95           111111100100111110111101111010          0    
96           1100110100100111111111110111010         0    
97           1100110100100111111111110111010         1    
98           1100110100100111111111111111010         1    
99           1100110100100111111111011111010         1    
100          1111111111111111111111111111111111111111110100111111111011111010        0    
101          1111111111111111111111111111111111111111110100111110111011110110        0    
102          1111111111111111111111111111111111111111110100111111111011110110        0    
103          1111111111111111111111111111111111111111110100111111111011110110        0    
104          1111111111111111111111111111111111111111110100111110111011110110        0    
105          1111111111111111111111111111111111111111110101011110111011110010        0    
106          1111111111111111111111111111111111111111110101011011111011110010        4    
107          1111111111111111111111111111111111111111111111111011111011110010        0    
108          1111111111111111111111111111111111111111111111111011111011110010        0    
109          1111111111111111111111111111111111111111111111111011111111110010        0    
110          1111111111111111111111111111111111111111111111111011111110110010        1    
111          1111111111111111111111111111111111111111111111111011111100110010        1    
112          1111111111111111111111111111111111111111111101011011111100110010        0    
113          1111111111111111111111111111111111111111111101011011111101110010        0    
114          1111111111111111111111111111111111111111110101011011111101110010        0    
115          1111111111111111111111111111111111111111111101011011111110110010        0    
116          1111111111111111111111111111111111111111111101011011111110110010        2    
117          1111111111111111111111111111111111111111111101111011111110110010        2    
118          1111111111111111111111111111111111111111111101111011111110110010        2    
119          1111010111101111011111110110010         0    
120          1111010111101111011111110110110         0    
121          1011110111101111011111110110110         0    
122          1011110111110111011111110110110         1    
123          1011110111110111011111110110111         1    
124          1111111111111111111111111111111111111111111110011011111110110111        0    
125          1111111111111111111111111111111111111111111110011011111110110111        0    
126          1111111111111111111111111111111111111111111110011111111110110111        0    
127          1111111111111111111111111111111111111111111110011111111110110111        0    
128          1111111111111111111111111111111111111111111110011111111110111011        4    
129          1111111111111111111111111111111111111111111110011111111110111011        4    
130          1111111111111111111111111111111111111111111111111111111110111011        0    
131          1111111111111111111111111111111111111111111111111111111110111011        0    
132          1111111111111111111111111111111111111111111111111111111110111011        0    
133          1111111111111111111111111111111111111111111111111111111110111011        0    
134          1111111111111111111111111111111111111111111111111111111110111011        0    
135          1111111111111111111111111111111111111111111111111111111110111011        0    
136          1111111111111111111111111111111111111111111111111111111110111011        0    
137          1111111111111111111111111111111111111111111111111111111110111011        0    
138          1111111111111111111111111111111111111111111111111111111110111011        1    
139          1111111111111111111111111111111111111111111110111111111110111011        0    
140          1111111111111111111111111111111111111111111110111111111110111111        0    
141          1111111111111111111111111111111111111111111110111111111110111111        0    
142          1111111111111111111111111111111111111111110110111111111110111111        0    
143          1111111111111111111111111111111111111111110110111011111110111111        0    
144          1111111111111111111111111111111111111111110110111011111110111111        0    
145          1111111111111111111111111111111111111111110110111110111110111111        0    
146          1111111111111111111111111111111111111111110110111101111110111111        0    
147          1111111111111111111111111111111111111111110110111100111110111111        0    
148          1111111111111111111111111111111111111111110110111111111110111111        0    
149          1111111111111111111111111111111111111111110110111111111110110011        0    
150          1111111111111111111111111111111111111111110110111110111110110011        0    
151          1111111111111111111111111111111111111111110110111101111110110011        0    
152          1111111111111111111111111111111111111111110110111101111110110011        0    
153          1111111111111111111111111111111111111111110110111101111110110011        0    
154          1111111111111111111111111111111111111111110110111111111110110011        0    
155          1111111111111111111111111111111111111111110110111111111110110011        0    
156          1111111111111111111111111111111111111111110110111101111110110111        0    
157          1111111111111111111111111111111111111111111110111101111110110111        0    
158          1111111111111111111111111111111111111111111110111101111110110111        0    
159          1111111111111111111111111111111111111111111110111111111110110111        0    
160          1111111111111111111111111111111111111111111110111111111110110111        0    
161          1111111111111111111111111111111111111111111110111110111110110111        0    
162          1111111111111111111111111111111111111111110110111110111110110111        0    
163          1111111111111111111111111111111111111111110110111111111110110111        0    
164          1111111111111111111111111111111111111111110110111110111110110111        0    
165          1111111111111111111111111111111111111111110111001110111110111011        0    
166          1111111111111111111111111111111111111111110111001111111110111011        0    
167          1111111111111111111111111111111111111111111111001111111110111011        4    
168          1111111111111111111111111111111111111111111111001110111110111011        4    
169          1111111111111111111111111111111111111111111111001111111110111011        4    
170          1111111111111111111111111111111111111111111111101111111110111011        0    
171          1111111111111111111111111111111111111111111111111111111111111011        0    
172          1111111111111111111111111111111111111111111111111111111101111011        0    
173          1111111111111111111111111111111111111111111111111111111101111011        0    
174          1111111111111111111111111111111111111111111111111111111111111011        0    
175          1111111111111111111111111111111111111111111111111111111101111011        0    
176          1111111111111111111111111111111111111111111111101111111100111011        0    
177          1111111111111111111111111111111111111111111111101111111110111011        0    
178          1111111111111111111111111111111111111111111111101111111100111011        0    
179          1111111111111111111111111111111111111111111111101111111110111011        3    
180          1111111111111111111111111111111111111111111111101101111011111011        3    
181          1111111111111111111111111111111111111111111111101101111011111011        3    
182          1111111111111111111111111111111111110111110111101101111011111011        0    
183          1111111111111111111111111111111111110111110111101111111011111011        0    
184          1111111111111111111111111111111111110111110111101111111011110111        0    
185          1111111111111111111111111111111111111111010111101111111011110111        2    
186          1111111111111111111111111111111111111111010111101101111011110111        2    
187          1111111111111111111111111111111111111111010111101101111011110111        2    
188          1111111111111111111111111111111111111111000111101101111011110111        0    
189          1111111111111111111111111111111111111111000111101101111011110111        0    
190          1111111111111111111111111111111111111101111111101101111011110111        0    
191          1111111111111111111111111111111111111101111111101101111111110111        0    
192          1111111111111111111111111111111111111101111111101101111111110111        3    
193          1111111111111111111111111111111111111101111111101101111111110011        3    
194          1111111111111111111111111111111111111101111111101101111011110011        3    
195          1111111111111111111111111111111111111101111111101101111011110011        0    
196          1111111111111111111111111111111111111101110111101101111011110011        0    
197          1111111111111111111111111111111111111101110111101110111011110011        0    
198          1111111111111111111111111111111111111101110111101111111011110011        0    
199          1111111111111111111111111111111111111101110111101111111011110011        4    
200          1111111111111111111111111111111111111101110111101011111011110011        4    
201          1111111111111111111111111111111111111111111111101011111011110011        0    
202          1111111111111111111111111111111111111111111111101011111011110011        0    
203          1111111111111111111111111111111111111111111111101011111111110011        0    
204          1111111111111111111111111111111111111111111111101011111111110011        0    
205          1111111111111111111111111111111111111111111111101011111111111111        0    
206          1111111111111111111111111111111111111111111111101011111011111111        3    
207          1111111111111111111111111111111111111111111111101011111011111111        3    
208          1111111111111111111111111111111111111111111111101011111011111111        3    
209          1111111111111111111111111111111111111011110111101011111011111111        0    
210          1111111111111111111111111111111111111011110111101011111011111111        0    
211          1111111111111111111111111111111111111011110111101011111010111111        0    
212          1111111111111111111111111111111111111011011111101010111010111111        4    
213          1111111111111111111111111111111111111011011111101011111010111111        4    
214          1111111111111111111111111111111111111111111111101011111010111111        0    
215          1111111111111111111111111111111111111111111111101011111110111111        0    
216          1111111111111111111111111111111111111111111111101011011111111111        0    
217          1111111111111111111111111111111111111111111111101011011101111111        1    
218          1111111111111111111111111111111111111111111111101011011011111111        1    
219          1111111111111111111111111111111111111111110111101011011011111111        0    
220          1111111111111111111111111111111111111111110111101011111010111111        0    
221          1111111111111111111111111111111111111111111111101011111010111110        0    
222          1111111111111111111111111111111111111111111111101001111010111110        4    
223          1111111111111111111111111111111111111111111111101001011010111110        4    
224          1111111111111111111111111111111111111111110111101001011010111110        4    
225          1111111111111111111111111111111111111111110111101001011010111110        4    
226          1111111111111111111111111111111111111111111111101001011010111110        0    
227          1111111111111111111111111111111111111111111111101000111010111010        0    
228          1111111111111111111111111111111111111111111111101000111010111010        0    
229          1111111111111111111111111111111111111111111111101000111000111010        0    
230          1111111111111111111111111111111111111111111111101000011000111010        0    
231          1111111111111111111111111111111111111111111111101000011000111010        0    
232          1111111111111111111111111111111111111111111111101000011110111010        0    
233          1111111111111111111111111111111111111111111111101111111110110110        0    
234          1111111111111111111111111111111111111111111111101111111110110110        1    
235          1111111111111111111111111111111111111111111111101111111100110110        1    
236          1111111111111111111111111111111111111111111111101111011100110110        1    
237          1111111111111111111111111111111111111111111111101111011100110110        1    
238          1111111111111111111111111111111111111111111111101111011010110110        1    
239          1111111111111111111111111111111111111111110111101111011010110110        0    
240          1111111111111111111111111111111111111111110111101110111010110010        0    
241          1111111111111111111111111111111111111111111111101110111010110010        0    
242          1111111111111111111111111111111111111111111111100111111010110010        0    
243          1111111111111111111111111111111111111111111111010111111010110010        0    
244          1111111111111111111111111111111111111111110111010111111010110010        0    
245          1111111111111111111111111111111111111111110111010110111010110010        0    
246          1111111111111111111111111111111111111111110111000110110111110010        0    
247          1111111111111111111111111111111111111111111111000110110111110010        2    
248          1111111111111111111111111111111111111111111111000111110111110010        2    
249          1111111111111111111111111111111111111000101111100111110111110010        0    
250          1111111111111111111111111111111111111000101110110111110110110010        0    
251          1110100101110110111110110110010         0    
252          1110100101110110111110110110010         0    
253          1110100101110110111010101110010         0    
254          1110000101110110111010101110010         0    
255          1110000101110110111010111110010         0    
256          1110000101110110101110111110010         0    
257          1111100101110110101110111110010         1    
258          1111100101110110101111101110010         1    
259          1111100101110110101011101110110         1    
260          1111101010110110101011101110110         1    
261          1111101010110110101011111110110         1    
262          1111111111111111111111111111111111111111110110110101011111110110        0    
263          1111111111111111111111111111111111111111110110110101111111110110        0    
264          1111111111111111111111111111111111111111111110110101111111110110        0    
265          1111111111111111111111111111111111111111111110110100111111110110        0    
266          1111111111111111111111111111111111111111111110100100111111111010        0    
267          1111111111111111111111111111111111111111111110100100111111111010        0    
268          1111111111111111111111111111111111111111111110100111111111111010        0    
269          1111111111111111111111111111111111111111111110010111111110111010        0    
270          1111111111111111111111111111111111111111111110010111111110111010        0    
271          1111111111111111111111111111111111111111111110010110111110111010        0    
272          1111111111111111111111111111111111111111111110000110111011111010        0    
273          1111111111111111111111111111111111111111111110000110111011111010        0    
274          1111111111111111111111111111111111111111111110000101111011111010        0    
275          1111111111111111111111111111111111111111111111100101011010111010        0    
276          1111111111111111111111111111111111111111111111100101011010111010        0    
277          1111111111111111111111111111111111111111111111100101011010111010        0    
278          1111111111111111111111111111111111111111111111100101111010110110        0    
279          1111111111111111111111111111111111111111111111100101111010110110        0    
280          1111111111111111111111111111111111111111111111100101110110110110        0    
281          1111111111111111111111111111111111111111111111100111010110110110        0    
282          1111111111111111111111111111111111111111111111100111010110110110        0    
283          1111111111111111111111111111111111111111111111100111010110110110        0    
284          1111111111111111111111111111111111111111111111100111110110110010        0    
285          1111111111111111111111111111111111111111111111100111110110110010        0    
286          1111111111111111111111111111111111111111111111100111110010110010        0    
287          1111111111111111111111111111111111111111111111110111110010110010        0    
288          1111111111111111111111111111111111111111111111110111110010110010        0    
289          1111111111111111111111111111111111111111111111110111110010110010        0    
290          1111111111111111111111111111111111111111111111100111110010011110        0    
291          1111111111111111111111111111111111111111111111100111110010011110        0    
292          1111111111111111111111111111111111111111111111100111111110011110        0    
293          1111111111111111111111111111111111111111111111110111111110011110        0    
294          1111111111111111111111111111111111111111111111110111111110011110        0    
295          1111111111111111111111111111111111111111111111110111111110011110        0    
296          1111111111111111111111111111111111111111111111110111011110011010        0    
297          1111111111111111111111111111111111111111111111110111011110011010        0    
298          1111111111111111111111111111111111111111111111110111011010011010        0    
299          1111111111111111111111111111111111111111111111110101111010011010        0    
300          1111111111111111111111111111111111111111111111110101111010011010        0    
301          1111111111111111111111111111111111111111111111110101111010011010        0    
302          1111111111111111111111111111111111111111111111110101011010010110        0    
303          1111111111111111111111111111111111111111111111110101011010010110        0    
304          1111111111111111111111111111111111111111111111110101010110010110        0    
305          1111111111111111111111111111111111111111111111110101110110010110        0    
306          1111111111111111111111111111111111111111111111110101110110010110        0    
307          1111111111111111111111111111111111111111111111110101110110010110        3    
308          1111111111111111111111111111111111111111111111100101110110010010        3    
309          1111111111111111111111111111111111111111111111100101110110010010        3    
310          1111111111111111111111111111111111111111111111100101110010010010        3    
311          1111111111111111111111111111111111101111110100110101110011010010        0    
312          1111111111111111111111111111111111101011110100110101110011010010        0    
313          1111111111111111111111111111111111101011110100110110110011010010        0    
314          1111111111111111111111111111111111101011110100100110110010010010        0    
315          1111111111111111111111111111111111010111110100100110110010010010        0    
316          1111111111111111111111111111111111010111110100100111110010010011        0    
317          1111111111111111111111111111111111010111110100100100110010010011        2    
318          1111111111111111111111111111111111010111110100100101001111010011        2    
319          1111111111111111111111111111111111010111110100100101001111010011        2    
320          1111111111111111111111111111111111000011110100100101001111010011        0    
321          1111111111111111111111111111111111000011110100100101001111010011        0    
322          1111111111111111111111111111111111000011110100100101001111010011        0    
323          1111111111111111111111111111111111000011110100100101101110010011        0    
324          1111111111111111111111111111111110111111110100100101101110010011        0    
325          1111111111111111111111111111111110111111110100100101101110010011        3    
326          1111111111111111111111111111111110111111110100100111001110010011        3    
327          1111111111111111111111111111111110111111110100100111001110010011        0    
328          1111111111111111111111111111111110111011110100100111001110010011        0    
329          1111111111111111111111111111111110111011110100100110001110010011        0    
330          1111111111111111111111111111111110111011110100100111001110010011        0    
331          1111111111111111111111111111111110111011110100101110101110011111        0    
332          1111111111111111111111111111111111111111110100101110101110011111        0    
333          1111111111111111111111111111111111111111111100101110101110011111        0    
334          1111111111111111111111111111111111111111111100101111101110011111        0    
335          1111111111111111111111111111111111111111111100101111101110011111        0    
336          1111111111111111111111111111111111111111111100101110101110011111        0    
337          1111111111111111111111111111111111111111111100101110101110011111        0    
338          1111111111111111111111111111111111111111111100101111001110011111        0    
339          1111111111111111111111111111111111111111111100101111001110011111        0    
340          1111111111111111111111111111111111111110111100101111001110011111        0    
341          1111111111111111111111111111111111111110110100101111001110011111        0    
342          1111111111111111111111111111111111111110110100101111001110011111        0    
343          1111111111111111111111111111111111111110110100101111001110011111        0    
344          1111111111111111111111111111111111111110110100101111001111011111        0    
345          1111111111111111111111111111111111111110110100101111001111011111        0    
346          1111111111111111111111111111111111111110110100101111001111011111        0    
347          1111111111111111111111111111111111111110110100101111101111011111        0    
348          1111111111111111111111111111111111111110110100101111101111011111        0    
349          1111111111111111111111111111111111111110011100101111101111011111        0    
350          1111111111111111111111111111111111111110011100101111101111110011        0    
351          1111111111111111111111111111111111111110011100101111101111110011        0    
352          1111111111111111111111111111111111111110111100101111101111110011        0    
353          1111111111111111111111111111111111111110111100101111101111110011        0    
354          1111111111111111111111111111111111111110111100110111101111110011        0    
355          1111111111111111111111111111111111111111011100110111101111110011        0    
356          1111111111111111111111111111111111111111011100111000001111110011        0    
357          1111111111111111111111111111111111111111011100111000001110110011        0    
358          1111111111111111111111111111111111111111011100111001001110110011        0    
359          1111111111111111111111111111111111111111110100111001001110110011        0    
360          1111111111111111111111111111111111111111110100111001001101110011        0    
361          1111111111111111111111111111111111111111110100111010001101110011        0    
362          1111111111111111111111111111111111111000010100111010001101110011        0    
363          1111111111111111111111111111111111111000010100111010001101110011        0    
364          1111111111111111111111111111111111111000010100111011001101110011        0    
365          1111111111111111111111111111111111111000110100111011001101110011        0    
366          1111111111111111111111111111111111111000110100111011101101110011        2    
367          1111111111111111111111111111111111111000110100111011101101011111        2    
368          1111111111111111111111111111111111111000110100111100101101011111        2    
369          1111111111111111111111111111111111111000111100111100101101011111        2    
370          1111111111111111111111111111111111111000111100111100101101011111        2    
371          1111111111111111111111111111111111111000111100111101101101011111        2    
372          1111111111111111111111111111111111111000101100111101101101011111        0    
373          1111111111111111111111111111111111111000101100111101101101011011        0    
374          1111111111111111111111111111111111111000101100111101101111011011        0    
375          1111111111111111111111111111111111111000001100111101001111011011        0    
376          1111111111111111111111111111111111111000001100111101001111011011        0    
377          1111111111111111111111111111111111111000000100111101011101011011        0    
378          1111111111111111111111111111111111111111100100111101011101011011        0    
379          1111111111111111111111111111111111111111100100111101011110011011        0    
380          1111111111111111111111111111111111111111100100111101011110011011        0    
381          1111111111111111111111111111111111111111000100111101011110011011        0    
382          1111111111111111111111111111111111111111000100111101011111011011        0    
383          1111111111111111111111111111111111111111000100111101111111011011        0    
384          1111111111111111111111111111111110111111000100111101111111011011        0    
385          1111111111111111111111111111111110111111101100111101111111011011        0    
386          1111111111111111111111111111111110111111101100111101111111011011        0    
387          1111111111111111111111111111111110111111101100111101111111011011        0    
388          1111111111111111111111111111111110111111101100111101111111011111        3    
389          1111111111111111111111111111111110111111101100111101111111011111        3    
390          1111111111111111111111111111111110111111101100111101111111011111        3    
391          1111111111111111111111111111111110111111101100111101111111011111        3    
392          1111111111111111111111111111111110111111101100111111011111011111        3    
393          1111111111111111111111111111111110111111111100111111011111011111        0    
394          1111111111111111111111111111111110111111110100111111011111110011        0    
395          1111111111111111111111111111111110111111110100111110011111110011        0    
396          1111111111111111111111111111111110111111110100111110011111110011        0    
397          1111111111111111111111111111111110111111110100111110011111110011        2    
398          1111111111111111111111111111111110111111110100111111011111110011        2    
399          1111111111111111111111111111111110111111110100111111011111110011        2    
400          1111111111111111111111111111111110111111110100011111011110110011        2    
401          1111111111111111111111111111111110111111110100011010011110110011        2    
402          1111111111111111111111111111111111111111100100111010011110110011        0    
403          1111111111111111111111111111111111111111111100111010011110110011        0    
404          1111111111111111111111111111111111111111111100111010011111110011        0    
405          1111111111111111111111111111111111111111111100111010011101110011        0    
406          1111111111111111111111111111111111111111111100111010011101110011        0    
407          1111111111111111111111111111111111111111111100111010011101110011        0    
408          1111111111111111111111111111111111111111111100111010011111110011        0    
409          1111111111111111111111111111111111111111111100111010011111110011        0    
410          1111111111111111111111111111111111111111111100111010011111011111        0    
411          1111111111111111111111111111111111111111111100111010101101011111        0    
412          1111111111111111111111111111111111111111110100111010101101011111        0    
413          1111111111111111111111111111111111111111110100111010101100011111        0    
414          1111111111111111111111111111111111111111110100111010101110011111        0    
415          111111110100111010101110011111          0    
416          111111110100111010101011011111          0    
417          111111110100111010101111011111          0    
418          111111110100111010101111011111          0    
419          111111110011111010101111011111          3    
420          111111110011111010101111011111          3    
421          111111110011111010101111011111          3    
422          111111101011111010101111011111          3    
423          111111101011111010101111110011          3    
424          111111101011111010101011110011          3    
425          111111111011111010101011110011          0    
426          111111111011111010101011110011          0    
427          111111111011111011101011110011          0    
428          1111111111011111011101011110011         0    
429          1111111111011111011101011110011         0    
430          1111111111011111011101011110111         0    
431          1111111111011111010101011110111         0    
432          1111111110011111010101011110111         4    
433          1111111110011111010101011110111         4    
434          1111111110011111011101011110111         4    
435          1111111111111111111111111111111111111111111111111011101011110111        0    
436          1111111111111111111111111111111111111111111111111011101011111011        0    
437          1111111111111111111111111111111111111111111111111011101111111011        0    
438          1111111111111111111111111111111111111111111111111011101111111011        0    
439          1111111111111111111111111111111111111111111111111011101110111011        0    
440          1111111111111111111111111111111111111111111111111011101100111011        3    
441          1111111111111111111111111111111111111111111111111011101100111011        3    
442          1111111111111111111111111111111111111111111111111011101101111011        3    
443          1111111111111111111111111111111111111111111111111011101111111011        3    
444          1111111111111111111111111111111111111111111111111011101111111011        3    
445          1111111111111111111111111111111111111111111111111011101110111011        3    
446          1111111111111111111111111111111111111111111111111011101110111011        3    
447          1111011111011111011101110111011         0    
448          1111011110011111011101111111011         0    
449          1111011110011111111101111111011         0    
450          1111111111111111111111111111111110111011110011111111101111111011        0    
451          1111111111111111111111111111111110111011110011111111110000111011        0    
452          1111111111111111111111111111111110111011110011111111110000111011        0    
453          1111111111111111111111111111111110111011110011111111110000111011        0    
454          1111111111111111111111111111111110111011110011111111110001111011        4    
455          1111111111111111111111111111111110111011110011111111110001111011        4    
456          1111111111111111111111111111111111111111111111111111110001111011        0    
457          1111111111111111111111111111111111111111111111111111110010111011        0    
458          1111111111111111111111111111111111111111111111111111111110111011        0    
459          1111111111111111111111111111111111111111111111111111111110111011        0    
460          1111111111111111111111111111111111111111111111111111111110110111        1    
461          1111111111111111111111111111111111111111111111111111111110110111        1    
462          1111111111111111111111111111111111111111111111111111111110110111        1    
463          1111111111111111111111111111111111111111111111111111111110110111        1    
464          1111111111111111111111111111111111111111111111111111111010110111        1    
465          1111111111111111111111111111111111111111111011011111111010110111        0    
466          1111111111111111111111111111111111111111110011011111111010110111        0    
467          1111111111111111111111111111111111111111110011011111111010110011        0    
468          1111111111111111111111111111111111111111110011011111111010110011        0    
469          1111111111111111111111111111111111111111110011011111111010110011        0    
470          1111111111111111111111111111111111111111110011011111111010110011        0    
471          1111111111111111111111111111111111111111110011011111111010110011        0    
472          1111111111111111111111111111111111111111110011011111111010110011        0    
473          1111111111111111111111111111111111111111110011011111111010011111        4    
474          1111111111111111111111111111111111111111110011011011111010011111        4    
475          1111111111111111111111111111111111111111111111111011111010011111        0    
476          1111111111111111111111111111111111111111111111111011111010011111        0    
477          1111111111111111111111111111111111111111111111111011111010011111        0    
478          1111111111111111111111111111111111111111111111111011111010011111        0    
479          1111111111111111111111111111111111111111111111111011111010011010        0    
480          1111111111111111111111111111111111111111111111111011110110011010        0    
481          1111111111111111111111111111111111111111111111111011110110011010        0    
482          1111111111111111111111111111111111111111111111111011110110011010        0    
483          1111111111111111111111111111111111111111111111111011110110011010        1    
484          1111111111111111111111111111111111111111111111111011110110011010        1    
485          1111111111111111111111111111111111111111111111111011110110010110        1    
486          1111111111111111111111111111111111111111111111111011110010010110        1    
487          1111111111111111111111111111111111111111111010011011110010010110        0    
488          1111111111111111111111111111111111111111111010011011110010010110        0    
489          1111111111111111111111111111111111111111111010011011110010010110        0    
490          1111111111111111111111111111111111111111110010011011110010010110        0    
491          1111111111111111111111111111111111111111110010011011110010010010        0    
492          1111111111111111111111111111111111111111110010011101010010010010        2    
493          1111111111111111111111111111111111111111111010011101010010010010        2    
494          1111111111111111111111111111111111111111111010011101010011010010        2    
495          1111111111111111111111111111111111111111111010011100110011010010        2    
496          1111111000010111100110011010010         0    
497          1111111000010111100110110010010         0    
498          1111111000010111101010100010010         0    
499          1111101111010111101010100010010         0    
500          1111101111010111101010101010010         0    
501          1111101111010111101110111010010         0    
502          1111111110010111101110111010010         0    
503          1111111110010111101110111010110         0    
504          1111111110010111110011101010110         0    
505          1111111101010111110011101010110         0    
506          1111111101010111110011101010110         0    
507          1111111101001111110011111010110         0    
508          1111111100001111110011111010110         0    
509          1111111100001111110011111011010         0    
510          1111111100001111110011101011010         0    
511          1101111011001111110011101011010         0    
512          1101111011001111110011101011010         0    
513          1101111011001111110011111011010         0    
514          1111111010001111110011111011010         1    
515          1111111010001111110011110011010         1    
516          1111111010001111101110110011010         1    
517          1111111111111111111111111111111111111111111001011101110110011010        0    
518          1111111111111111111111111111111111111111111001011101110111011010        0    
519          1111111111111111111111111111111111111111111001011111110111011010        0    
520          1111111111111111111111111111111111111111111001011111110111011010        0    
521          1111111111111111111111111111111111111111111001011111111000011010        0    
522          1111111111111111111111111111111111111111111001011110111000011010        0    
523          1111111111111111111111111111111111111111111001011110111000011010        2    
524          1111111111111111111111111111111111111111111001011110111000011110        2    
525          1111111111111111111111111111111111111111111001011101111000011110        2    
526          1111111111111111111111111111111110111011001001111101111000011110        0    
527          1111111111111111111111111111111110111011001001111101111000011110        0    
528          1111111111111111111111111111111110111011001001111111111010011110        0    
529          1111111111111111111111111111111110111111101001111111111010011110        0    
530          1111111111111111111111111111111110111111101001111111111010110010        0    
531          1111111111111111111111111111111110111111101001111111111100110010        0    
532          1111111111111111111111111111111111110011001001111111111100110010        0    
533          1111111111111111111111111111111111110011001001111111110111110010        0    
534          1111111111111111111111111111111111110011001001111111110111110010        0    
535          1111111111111111111111111111111111110101101001111111110111110010        0    
536          1111111111111111111111111111111111110101101001111111110110110010        0    
537          1111111111111111111111111111111111110101101010111111111110110010        0    
538          1111111111111111111111111111111111101001101010111111111110110010        0    
539          1111111111111111111111111111111111101001101010111111111101110010        0    
540          1111111111111111111111111111111111101001101010111111111111110010        0    
541          1111111111111111111111111111111111011001110010111111111111110010        0    
542          1111111111111111111111111111111111011001110010111111111111110010        0    
543          1111111111111111111111111111111111011001110010111111111101110010        3    
544          1111111111111111111111111111111111001001111010111111111101110010        3    
545          1111111111111111111111111111111111001001111010111111111101110110        3    
546          1111111111111111111111111111111111001001111010111111111111110110        3    
547          1111111111111111111111111111111111001001110010111111111111110110        0    
548          1111111111111111111111111111111111001001110010111111111111110110        0    
549          1111111111111111111111111111111111001001110011011111111111110110        0    
550          1111111111111111111111111111111111001001111011011111111111110110        0    
551          1111111111111111111111111111111111001001111011011111111111111010        0    
552          1111111111111111111111111111111111001001111011011111111111111010        0    
553          1111001110011011111111111111010         0    
554          1111001110011011111111111111010         0    
555          1111001110011111011111111111010         0    
556          1101001111011111011111111111010         0    
557          1101001111011111011111111111110         0    
558          1101001111011111011111111111110         0    
559          1011010110011111011111111111110         2    
560          1011010110011111011111111111110         2    
561          1011010110100011011111111111110         2    
562          1011011011100011011111111111110         2    
563          1011011011100011011111111110010         2    
564          1011011011100011011111111110010         2    
565          1011011110100111011111111110010         0    
566          1011011110100111011111111110010         0    
567          1011011110100111011110101110010         0    
568          1011010011100111011110101110010         0    
569          1011010011100111011110101110110         0    
570          1011010011100111011110111110110         0    
571          1011010100100111011110111110110         0    
572          1011010100100111011110111110110         0    
573          1011010100101111011110101110110         0    
574          1011111100101111011110101110110         0    
575          1011111100101111011110101111010         3    
576          1011111100101111011110111111010         3    
577          1110011100101111011110111111010         3    
578          1110011100101111011110110111010         3    
579          1110011100101111111111110111010         3    
580          1110111110101011111111110111010         0    
581          1110111110101011111111111111010         0    
582          1110111110101011100111111111010         0    
583          1111111111111111111111111111111111010111111101011100111111111010        0    
584          1111111111111111111111111111111111010111111101011100111000111010        0    
585          1111111111111111111111111111111111010111111101011101111000111010        0    
586          1111111111111111111111111111111111010111110101011101111000111010        4    
587          1111111111111111111111111111111111010111110101011101111000110110        4    
588          1111111111111111111111111111111111010111110101011111111000110110        4    
589          1111111111111111111111111111111111111111111111111111111000110110        0    
590          1111111111111111111111111111111111111111111111111111111000110110        0    
591          1111111111111111111111111111111111111111111111111110111110110110        0    
592          1111111111111111111111111111111111111111111111111110111110110110        0    
593          1111111111111111111111111111111111111111111111111110111111110110        0    
594          1111111111111111111111111111111111111111111111111110111101110110        0    
595          1111111111111111111111111111111111111111111111111110111101110110        0    
596          1111111111111111111111111111111111111111111111111110111110110110        0    
597          1111111111111111111111111111111111111111111111111110111010110110        0    
598          1111111111111111111111111111111111111111111111111110111010110110        0    
599          1111111111111111111111111111111111111111111111111110111011110110        0    
600          1111111111111111111111111111111111111111111111111110111011110110        0    
601          1111111111111111111111111111111111111111111111111110111011110110        0    
602          1111111111111111111111111111111111111111111111111110111011110010        0    
603          1111111111111111111111111111111111111111111111111111111111110010        0    
604          1111111111111111111111111111111111111111111111111111111111110010        0    
605          1111111111111111111111111111111111111111111111111111111111110010        0    
606          1111111111111111111111111111111111111111111111111111111111110010        0    
607          1111111111111111111111111111111111111111111111111111111111110010        0    
608          1111111111111111111111111111111111111111111111111111111111111110        0    
609          1111111111111111111111111111111111111111111111111111111011111110        0    
610          1111111111111111111111111111111111111111111111111111111011111110        0    
611          1111111111111111111111111111111111111111111111111111111010111110        0    
612          1111111111111111111111111111111111111111111111111111111010111110        0    
613          1111111111111111111111111111111111111111111111111111111010111110        0    
614          1111111111111111111111111111111111111111111111111111111001111110        0    
615          1111111111111111111111111111111111111111111111111111111111111110        0    
616          1111111111111111111111111111111111111111111111111111111111111110        0    
617          1111111111111111111111111111111111111111111111111111111110111110        0    
618          1111111111111111111111111111111111111111111111111110111100111110        0    
619          1111111111111111111111111111111111111111111111111110111100111110        0    
620          1111111111111111111111111111111111111111111111111110111100111110        0    
621          1111111111111111111111111111111111111111111111111110111010111110        0    
622          1111111111111111111111111111111111111111111111111110111010111110        0    
623          1111111111111111111111111111111111111111111111111110111010111010        0    
624          1111111111111111111111111111111111111111111111111111111000111010        0    
625          1111111111111111111111111111111111111111111111111111111000111010        0    
626          1111111111111111111111111111111111111111111111111111111000111010        0    
627          1111111111111111111111111111111111111111111111111111111110111010        0    
628          1111111111111111111111111111111111111111111111111111111110111010        0    
629          1111111111111111111111111111111111111111111111111111111111111010        0    
630          1111111111111111111111111111111111111111111111111111111101111010        0    
631          1111111111111111111111111111111111111111111111111111111101111010        0    
632          1111111111111111111111111111111111111111111111111111111110111010        0    
633          1111111111111111111111111111111111111111111111111111111010111010        0    
634          1111111111111111111111111111111111111111111111111111111010111010        0    
635          1111111111111111111111111111111111111111111111111111111011111010        0    
636          1111111111111111111111111111111111111111111111111111011011111010        0    
637          1111111111111111111111111111111111111111111111111111011011111010        0    
638          1111111111111111111111111111111111111111111111111111011011110110        0    
639          1111111111111111111111111111111111111111111111111110111111110110        0    
640          1111111111111111111111111111111111111111111111111110111111110110        0    
641          1111111111111111111111111111111111111111111111111110111111110110        0    
642          1111111111111111111111111111111111111111111111111110011111110110        0    
643          1111111111111111111111111111111111111111111111111110011111110110        0    
644          1111111111111111111111111111111111111111111111111110011111110010        0    
645          1111111111111111111111111111111111111111111111111110011011110010        0    
646          1111111111111111111111111111111111111111111111111110011011110010        0    
647          1111111111111111111111111111111111111111111111111110011011110010        0    
648          1111111111111111111111111111111111111111111111111110011011110010        0    
649          1111111111111111111111111111111111111111111111111110011011110010        0    
650          1111111111111111111111111111111111111111111111111110011100110010        0    
651          1111111111111111111111111111111111111111111111111110011110110010        0    
652          1111111111111111111111111111111111111111111111111110011110110010        0    
653          1111111111111111111111111111111111111111111111111110011111110010        0    
654          1111111111111111111111111111111111111111111111111111111101110010        0    
655          1111111111111111111111111111111111111111111111111111111101110010        0    
656          1111111111111111111111111111111111111111111111111111111110110010        0    
657          1111111111111111111111111111111111111111111111111111011110110010        0    
658          1111111111111111111111111111111111111111111111111111011110110010        0    
659          1111111111111111111111111111111111111111111111111111011110011110        0    
660          1111111111111111111111111111111111111111111111111110111110011110        0    
661          1111111111111111111111111111111111111111111111111110111110011110        0    
662          1111111111111111111111111111111111111111111111111110111110011110        0    
663          1111111111111111111111111111111111111111111111111110011110011110        0    
664          1111111111111111111111111111111111111111111111111110011110011110        0    
665          1111111111111111111111111111111111111111111111111110011110011010        1    
666          1111111111111111111111111111111111111111111111111110011110011010        1    
667          1111111111111111111111111111111111111111111111111110011110011010        1    
668          1111111111111111111111111111111111111111111111111110011110011010        1    
669          1111111111111111111111111111111111111111111111111110011110011010        1    
670          1111111111111111111111111111111111111111111111011110011110011010        0    
671          1111111111111111111111111111111111111111111111011110011110010110        0    
672          1111111111111111111111111111111111111111111111111101011110010110        0    
673          1111111111111111111111111111111111111111110111111101011110010110        0    
674          1111111111111111111111111111111111111111110111111101011110010110        0    
675          1111111111111111111111111111111111111111110111111111111110010110        0    
676          1111111111111111111111111111111111111111110111111111111110010110        0    
677          1111111111111111111111111111111111111111110111111111111110010010        2    
678          1111111111111111111111111111111111111111110111111111011110010010        2    
679          1111111111111111111111111111111111101110100111111111011110010010        0    
680          1111111111111111111111111111111111101110100111111111011110010010        0    
681          1111111111111111111111111111111111101110100111111111111110010010        0    
682          1111111111111111111111111111111111101111100111111111111110010010        0    
683          1111111111111111111111111111111111101111100111111111111110011110        1    
684          1111111111111111111111111111111111101111100111111111011110011110        1    
685          1111111111111111111111111111111111111111111111111111011110011110        0    
686          1111111111111111111111111111111111111111111111111111011110011110        0    
687          1111111111111111111111111111111111111111111111111111111110011110        0    
688          1111111111111111111111111111111111111111110111111111111110011110        0    
689          1111111111111111111111111111111111111111110111111111111110011010        0    
690          1111111111111111111111111111111111111111110111111101011110011010        4    
691          1111111111111111111111111111111111111111111111111101011110011010        4    
692          1111111111111111111111111111111111111111111111111101011110011010        4    
693          1111111111111111111111111111111111111111111111111100111110011010        4    
694          1111111111111111111111111111111111111111111111111100111110011010        0    
695          1111111111111111111111111111111111111111111111111100111110010110        0    
696          1111111111111111111111111111111111111111111111111100011110010110        0    
697          1111111111111111111111111111111111111111111111111100011110010110        0    
698          1111111111111111111111111111111111111111111111111100011110010110        1    
699          1111111111111111111111111111111111111111111111111100011110010111        1    
700          1111111111111111111111111111111111111111110111111100011110010111        0    
701          1111111111111111111111111111111111111111110111111011111110010111        0    
702          1111111111111111111111111111111111111111110111110111111110010111        0    
703          1111111111111111111111111111111111111111110111110111111110010111        0    
704          1111111111111111111111111111111111111111110111110111111110010111        0    
705          1111111111111111111111111111111111111111110111110111111110010011        2    
706          1111111111111111111111111111111111111111110111110111111110010011        2    
707          1111111111111111111111111111111111110110100111110111111110010011        0    
708          1111111111111111111111111111111111110110100111110111011110010011        0    
709          1111111111111111111111111111111111110110100111110111011110010011        0    
710          1111111111111111111111111111111111111010100111110111011110010011        0    
711          1111111111111111111111111111111111111010100111110111011110010011        0    
712          1111111111111111111111111111111111111010100111110111011111010011        0    
713          1111111111111111111111111111111111111010100111110111011101010011        0    
714          1111111111111111111111111111111111111010100111110111111101010011        0    
715          1111111111111111111111111111111111111010100111110111111111010011        0    
716          1111111111111111111111111111111111111010101111110111111111010011        0    
717          1111111111111111111111111111111111111010101111110111111101010011        3    
718          1111111111111111111111111111111111111010111111110111111101010011        0    
719          1111111111111111111111111111111111111010111111110111111100010011        0    
720          1111111111111111111111111111111111111010111111110110111100010011        0    
721          1111111111111111111111111111111111111010111111110110011100010011        1    
722          1111111111111111111111111111111111111010110111110111011100010011        1    
723          1111111111111111111111111111111111111111110111110111011100010011        0    
724          1111111111111111111111111111111111111111110111110110011100010011        0    
725          1111111111111111111111111111111111111111110111110110011111010011        0    
726          1111111111111111111111111111111111111111110111110101111111010011        0    
727          1111111111111111111111111111111111111111111111110101111111010011        0    
728          1111111111111111111111111111111111111111111111110101111111010011        0    
729          1111111111111111111111111111111111111111111111110011111111010011        0    
730          1111111111111111111111111111111111111111111111110011111111010111        0    
731          1111111111111111111111111111111111111111111111110011011111010111        0    
732          1111111111111111111111111111111111111111110111110011011111010111        0    
733          1111111111111111111111111111111111111111110111110001011111010111        0    
734          1111111111111111111111111111111111111111110111110001011111010111        0    
735          1111111111111111111111111111111111111111110111110000111111010111        0    
736          1111111111111111111111111111111111111111110111101111111111010111        0    
737          1111111111111111111111111111111111111111111111101111111111010111        0    
738          1111111111111111111111111111111111111111111111101110111111010111        0    
739          1111111111111111111111111111111111111111111111101101111110010111        0    
740          1111111111111111111111111111111111111111111111011101111110010111        0    
741          1111111111111111111111111111111111111111111111011100111110010111        0    
742          1111111111111111111111111111111111111111110111011100111110010111        0    
743          1111111111111111111111111111111111111111110111011011111110010111        0    
744          1111111111111111111111111111111111111111110111011011111101010111        0    
745          1111111111111111111111111111111111111111110111011010111101010111        0    
746          1111111111111111111111111111111111111111110111001010111101010111        4    
747          1111111111111111111111111111111111111111110111001001111101010111        4    
748          1111111111111111111111111111111111111111111111001001111101010111        4    
749          1111111111111111111111111111111111111111111111001000111101010111        4    
750          1111111111111111111111111111111111111111111111101000111101010111        0    
751          1111111111111111111111111111111111111111111111101000111100010111        0    
752          1111111111111111111111111111111111111111111111101000111010010111        0    
753          1111111111111111111111111111111111111111111111111000111010010111        0    
754          1111111111111111111111111111111111111111111111111000111000010111        0    
755          1111111111111111111111111111111111111111111111111000111000010111        0    
756          1111111111111111111111111111111111111111111111111000111110010111        0    
757          1111111111111111111111111111111111111111111111111000111110010111        0    
758          1111111111111111111111111111111111111111111111111000111100010111        1    
759          1111111111111111111111111111111111111111111111111001011100010111        1    
760          1111111111111111111111111111111111111111111111111001011010010111        1    
761          1111111111111111111111111111111111111111111110111001011010010111        0    
762          1111111111111111111111111111111111111111111110110111011010010111        0    
763          1111111111111111111111111111111111111111111110110111011010010011        0    
764          1111111111111111111111111111111111111111111110110111111010010011        0    
765          1111111111111111111111111111111111111111110110110111111010010011        0    
766          1111111111111111111111111111111111111111110110110101111010010011        0    
767          1111111111111111111111111111111111111111110110110101111010010011        0    
768          1111111111111111111111111111111111111111110110110101110111010011        0    
769          1111111111111111111111111111111111111111110110110011010111010011        0    
770          1111111111111111111111111111111111111111111110110011010111010011        2    
771          1111111111111111111111111111111111111111111110110010010111010011        2    
772          1111111111111111111111111111111111111111111110110011010110010011        2    
773          1111011111110110011010110010011         0    
774          1111011111110110011110110010011         0    
775          1111011111110110011110110010011         0    
776          1111011100110110011110110010011         0    
777          1111011100110110011110110010011         0    
778          1111011100110110011111101010011         0    
779          1111011100110110011011101010011         0    
780          1111011100110110011011111010011         3    
781          1110111100110110011011111010011         3    
782          1110111100110110011011101010011         3    
783          1110111110110110011011101010011         0    
784          1110111110110110011011101010111         0    
785          1110111110110110011011101010111         0    
786          1110111110110100011011101010111         0    
787          1110111110110100011011101010111         0    
788          1110011110110100011011101010111         0    
789          1110011110110100111011101010111         2    
790          1110011110110100111011101010111         2    
791          1110011110110100111011101010111         2    
792          1110011100110100111011101010111         0    
793          1110011100110110111011101010111         0    
794          1110011100110110111011111010111         0    
795          1111111100110110111011111010111         0    
796          1111111100110110111010101010111         0    
797          1111111100110110111010101011011         0    
798          1111111100110110111010111011011         0    
799          1111111100110100111010111011011         0    
800          1111111111110100111010101011011         0    
801          1111111111110100111010111011011         0    
802          1111111111110100111010111011011         0    
803          1111111111110100111111101011011         0    
804          1111111010110100111111101011011         0    
805          1111111010110100111111111011011         0    
806          1111111010110100111111101011011         0    
807          1111111010110100111111101011111         0    
808          1111111010110100101011111011111         0    
809          1111011110110100101011111011111         0    
810          1111011110110100101110101011111         0    
811          1111011110110100101110110011111         0    
812          1111011110110100101110110011110         0    
813          1110111010110100101110110011110         0    
814          1110111010110100101110111011110         0    
815          1110111010110100101110111011110         0    
816          1110111010110100101110111011110         0    
817          1110111110110100101110111011110         0    
818          1110111110110100101111110011110         0    
819          1110111110110100101111110011110         0    
820          1110111011110100101111000011110         0    
821          1110111011110100101111000011110         0    
822          1110111011110100111111000011110         0    
823          1110111100110100111111010011110         0    
824          1110111100110100111111010010010         0    
825          1110111100110100111111010010010         0    
826          1011111100110100111111100010010         1    
827          1011111100110100111111100010010         1    
828          1011111100101110111111100010010         1    
829          1011111100101110111111110010010         1    
830          1111111111111111111111111111111111111111110101110111111110010010        0    
831          1111111111111111111111111111111111111111110101110111111110010110        0    
832          1111111111111111111111111111111111111111110101100111111110010110        0    
833          1111111111111111111111111111111111111111110101100110111110010110        0    
834          1111111111111111111111111111111111111111110101100110111110010110        0    
835          1111111111111111111111111111111111111111110101010110111110010110        0    
836          1111111111111111111111111111111111111111111101010111111110010110        0    
837          1111111111111111111111111111111111111111111101010111111110011010        0    
838          1111111111111111111111111111111111111111110101010110111110011010        2    
839          1111111111111111111111111111111111111111110101010110111110011010        2    
840          1111111111111111111111111111111111111111110101010111111110011010        2    
841          1111111111111111111111111111111111111111110101010101111110011010        2    
842          1111111111111111111111111111111111010111001101110101111110011010        0    
843          1111111111111111111111111111111111010111001101110101111111011010        0    
844          1111111111111111111111111111111111010111001101110101111111011010        0    
845          1111111111111111111111111111111111010111100101110101110111011010        0    
846          1111111111111111111111111111111111010111100101110101110110011010        0    
847          1111111111111111111111111111111111010111100101110101110110011010        0    
848          1111111111111111111111111111111111011110111101110101110110011010        0    
849          1111111111111111111111111111111111011110111101110101110111011010        0    
850          1111110110101100101110101011010         0    
851          1111110110101100101110101011010         0    
852          1111110110100110101110101011010         0    
853          1111110110100110101110111011010         0    
854          1111110101100110101110111011010         0    
855          1111110101100110101110111010110         0    
856          1111110101100100101110111010110         3    
857          1011110100100100101111101010110         3    
858          1011110110100100101111101010110         0    
859          1011110110100100101111101010110         0    
860          1011110110100100101111101010110         0    
861          1011110111100100111111101010110         0    
862          1011110111100100111111101010010         0    
863          1011110111100100111111101010011         0    
864          1011110111100100111111101010011         0    
865          1011110111100100101111101010011         0    
866          1011111010100100101111101010011         4    
867          1011111010100100101111101010011         4    
868          1111111111111111111111111111111111111111111111100101111101010011        0    
869          1111111111111111111111111111111111111111111111100101111100010011        0    
870          1111111111111111111111111111111111111111111111100101110110010011        0    
871          1111111111111111111111111111111111111111111111100111110110010011        0    
872          1111111111111111111111111111111111111111111111100111110100010011        0    
873          1111111111111111111111111111111111111111111111100111110100010011        0    
874          1111111111111111111111111111111111111111111111100111110110010011        2    
875          1011111101100100111110110010011         0    
876          1011111101100100111110011010011         0    
877          1011111101100100111110111010011         2    
878          1011111101100100111110111010011         2    
879          1011110000100100111110111010011         2    
880          1011110000100100111111011010011         4    
881          1111111111111111111111111111111111111111111111100111111011010011        0    
882          1111111111111111111111111111111111111111111111100111111010010011        0    
883          1111111111111111111111111111111111111111111111100111110110010011        0    
884          1111111111111111111111111111111111111111111111100111110110010011        0    
885          1111111111111111111111111111111111111111111111100111110110010011        0    
886          1111111111111111111111111111111111111111111111100111110010010011        0    
887          1111111111111111111111111111111111111111111111100111110011010011        0    
888          1111111111111111111111111111111111111111111111100111110001010011        2    
889          1011010100100100111110001010011         0    
890          1011111000100100111110001010011         0    
891          1011111000100100111110011010011         0    
892          1011111000100100111110101010011         0    
893          1011111000100100111110100010011         0    
894          1011111000100101101110110010011         0    
895          1111011100100101101110110010011         3    
896          1111011100100101101111000010011         3    
897          1111011110100101101111000010011         0    
898          1111011110100101110111111010011         0    
899          1111011110100101110111111010011         0    
900          1111011110100101111111111010011         0    
901          1101011111100101111111111010011         0    
902          1101011111100101000111111010011         0    
903          1111111111111111111111111111111111111111111111101000111111010011        0    
904          1111111111111111111111111111111111111111111111101000111110010011        0    
905          1111111111111111111111111111111111111111111111101000111110010011        0    
906          1111111111111111111111111111111111111111111111101001111110010011        0    
907          1111111111111111111111111111111111111111111111101001111110010011        0    
908          1111111111111111111111111111111111111111111111101001111110010011        0    
909          1111111111111111111111111111111111111111111111101001111110010011        0    
910          1111111111111111111111111111111111111111111111101001111110010011        0    
911          1111111111111111111111111111111111111111111111101001111110010011        0    
912          1111111111111111111111111111111111111111111111101001111110010011        0    
913          1111111111111111111111111111111111111111111111101001101110010011        3    
914          1111111111111111111111111111111111101011111100101001101110010011        0    
915          1111111111111111111111111111111111101011111100101001101110010011        0    
916          1111111111111111111111111111111111101011111100101001101110011111        0    
917          1111111111111111111111111111111111101011111100101011101110011111        0    
918          1111111111111111111111111111111111101011111100101010101110011111        0    
919          1111111111111111111111111111111111101011110100101010101110011111        0    
920          1111111111111111111111111111111111101011110100101011101110011111        0    
921          1111111111111111111111111111111111101011110100101110101110011111        0    
922          1111111111111111111111111111111111101011110100101110101110011111        0    
923          1111111111111111111111111111111111101011110100111111101110011111        0    
924          1111111111111111111111111111111111101011111100111111101110011111        0    
925          1111111111111111111111111111111111101011111100111110101110011111        0    
926          1111111111111111111111111111111111101011111100111111101111011111        0    
927          1111111111111111111111111111111111101011111101001111101111011111        0    
928          1111111111111111111111111111111111101011111101011010101111011111        0    
929          1111111111111111111111111111111111101011010101011010101111011111        0    
930          1111111111111111111111111111111111101011010101011011101111011111        0    
931          1111111111111111111111111111111111101011010101011010111110011111        0    
932          1111111111111111111111111111111111101011010101011010111110011111        0    
933          1111111111111111111111111111111111101011010101011011111110011111        0    
934          1111111111111111111111111111111111101001111101011011111110011111        0    
935          1111111111111111111111111111111111101001111101011110111110011111        0    
936          1111111111111111111111111111111111101001111101011110111111011111        0    
937          1111111111111111111111111111111111101001111101011111111111011111        0    
938          1111111111111111111111111111111111101001111101011101111111011111        0    
939          1111111111111111111111111111111111101001111101011111111111011111        0    
940          1111111111111111111111111111111111101101011101011111111111011111        0    
941          1111111111111111111111111111111111101101011101011111111111011111        0    
942          1111111111111111111111111111111111101101011101011111111110011111        4    
943          1111111111111111111111111111111111101101011101011001111110011111        4    
944          1111111111111111111111111111111111111111111111111001111110011111        0    
945          1111111111111111111111111111111111111111111111111001111110011111        0    
946          1111111111111111111111111111111111111111111111111001111110011111        0    
947          1111111111111111111111111111111111111111111111111001111110011111        0    
