time         game_state
1            1111111111111111111111111111111111111111111111111110011111011110        0    
2            1111111111111111111111111111111111111111111111111110111111011110        0    
3            1111111111111111111111111111111111111111111111111110111111011110        0    
4            1111111111111111111111111111111111111111111111111111011111110010        0    
5            1111111111111111111111111111111111111111111111111111011111110010        0    
6            1111111111111111111111111111111111111111111111111111111111110010        1    
7            1111111111111111111111111111111111111111111111111111111111110010        1    
8            1111111111111111111111111111111111111111111111111000011110110010        1    
9            1111111111111111111111111111111111111111111111111000011110110010        1    
10           1111111111111111111111111111111111111111111111111000111111110010        1    
11           1111111111111111111111111111111111111111111111111000111101110010        1    
12           1111111111111111111111111111111111111111111111111000111101110010        1    
13           1111111111111111111111111111111111111111111111111000111111110010        1    
14           1111111111111111111111111111111111111111111111111000111111011110        1    
15           1111111111111111111111111111111111111111111111111000111101011110        1    
16           1111111111111111111111111111111111111111111111111000011100011110        1    
17           1111111111111111111111111111111111111111111111111000001110011110        1    
18           1111111111111111111111111111111111111111111111111111101111011110        1    
19           1111111111111111111111111111111111111111111111111111101111011110        1    
20           1111111111111111111111111111111111111111110011011111101111011110        0    
21           1111111111111111111111111111111111111111110011011111001111011010        0    
22           1111111111111111111111111111111111111111110011010111001111011010        0    
23           1111111111111111111111111111111111111111111011010111101111011010        0    
24           1111111111111111111111111111111111111111111011010110101111011010        0    
25           1111111111111111111111111111111111111111110011010110001111010110        0    
26           1111111111111111111111111111111111111111110011010111001111010110        0    
27           1111111111111111111111111111111111111111111011110111001111010110        3    
28           1111111111111111111111111111111111111111111011110110001111010110        3    
29           1111111111111111111111111111111111111111111011110110001111010110        0    
30           1111111111111111111111111111111111111111010011110110001111010010        0    
31           1111111111111111111111111111111111111111010011110111001111010010        0    
32           1111111111111111111111111111111111111110111011110111101100010010        4    
33           1111111111111111111111111111111111111110111011110110101100010010        4    
34           1111111111111111111111111111111111111010011011110111001101010010        4    
35           1111111111111111111111111111111111111010011011110111001101010010        4    
36           1111111111111111111111111111111111110111111011110111101110010010        4    
37           1111111111111111111111111111111111110111111011111111101110010010        4    
38           1111111111111111111111111111111111110111010011111000001110010010        4    
39           1111111111111111111111111111111111110111010011111001001110010010        4    
40           1111111111111111111111111111111111110101111011111001101110011110        4    
41           1111111111111111111111111111111111110101111011111010101110011110        4    
42           1111111111111111111111111111111111110101110011111010101110011110        4    
43           1111111111111111111111111111111111110101110011111011101110011110        4    
44           1111111111111111111111111111111111111111111111111011101110011110        0    
45           1111111111111111111111111111111111111111111111111011101111011110        0    
46           1111111111111111111111111111111111111111111111111011101111011110        0    
47           1111111111111111111111111111111111111111111111111011011010011110        0    
48           1111111111111111111111111111111111111111111111111011011000011110        0    
49           1111111111111111111111111111111111111111111111111111111001011110        1    
50           1111111111111111111111111111111111111111111111111111110111011110        1    
51           1111111111111111111111111111111111111111110011011111110111011110        0    
52           1111111111111111111111111111111111111111110011011111010110011110        0    
53           1111111111111111111111111111111111111111110011011111010110011110        0    
54           1111111111111111111111111111111111111111111010111111010111011110        0    
55           1111111111111111111111111111111111111111111010111111010111011110        0    
56           1111111111111111111111111111111111111111110010111111110110011110        0    
57           1111111111111111111111111111111111111111110010111110110110011110        0    
58           1111111111111111111111111111111111111111111010111110010111011110        4    
59           1111111111111111111111111111111111111111111111111110010111011110        0    
60           1111111111111111111111111111111111111111111111111101110101011010        0    
61           1111111111111111111111111111111111111111111111111101110111011011        0    
62           1111111111111111111111111111111111111111111111111101010111011011        0    
63           1111111111111111111111111111111111111111111010111101010111011011        0    
64           1111111111111111111111111111111111111111111010110111010111011011        0    
65           1111111111111111111111111111111111111111111010110111010111011011        2    
66           1111111111111111111111111111111111111111111010110110110111010111        2    
67           1111111111111111111111111111111111111111111010110101110111010111        2    
68           111011101010110101110111010111          0    
69           111011101010110101101111011111          0    
70           111011101010110101101111011111          0    
71           111011101010110101101111011111          0    
72           111011101010110101101111011111          0    
73           111111101011110101101111011111          0    
74           111111101011110101101111110011          0    
75           111111101011110101101111110011          0    
76           111111101011110101101111110011          0    
77           111111101011110101101111110011          1    
78           111111101011110101101110110011          1    
79           111111100011110101101110110011          1    
80           1111111111111111111111111111111111111111110011010101101110110011        0    
81           1111111111111111111111111111111111111111110011010101101101110011        0    
82           1111111111111111111111111111111111111111110011010100101101110011        0    
83           1111111111111111111111111111111111111111110011010100101101110011        0    
84           1111111111111111111111111111111111111111110011010111101101110011        0    
85           1111111111111111111111111111111111111111110011010111101101011111        0    
86           1111111111111111111111111111111111111111111011110111101101011111        0    
87           1111111111111111111111111111111111111111111011110110101101011111        0    
88           1111111111111111111111111111111111111111111011110110101101011111        0    
89           1111111111111111111111111111111111111111111011110101101101011111        0    
90           1111111111111111111111111111111111111111111011110101101101011011        0    
91           1111111111111111111111111111111111111111111011110100101101011011        0    
92           1111111111111111111111111111111111111111111011110100101101011011        0    
93           1111111111111111111111111111111111111111110011110100001101011011        0    
94           1111111111111111111111111111111111111111110011101111001101011011        0    
95           1111111111111111111111111111111111111111110011101111001110011011        0    
96           1111111111111111111111111111111111111111110011101110001110011011        0    
97           1111111111111111111111111111111111111111110011101110001111011011        0    
98           1111111111111111111111111111111111111111110011101101001111011011        0    
99           1111111111111111111111111111111111111111110011101111101111011011        0    
100          1111111111111111111111111111111111111111110011101111101111011011        0    
101          1111111111111111111111111111111111111111110011101111101111011111        0    
102          1111111111111111111111111111111111111111110011101011101111011111        0    
103          1111111111111111111111111111111111111111110011101011101111011111        0    
104          1111111111111111111111111111111111111111110011101011101111011111        0    
105          1111111111111111111111111111111111111111111011101011001111110011        0    
106          1111111111111111111111111111111111111111111011101011001111110011        0    
107          1111111111111111111111111111111111111111111011101011001111110011        0    
108          1111111111111111111111111111111111111111111011101011001111110011        0    
109          1111111111111111111111111111111111111111111011101011001110110011        0    
110          1111111111111111111111111111111111111111111011100111001110110011        0    
111          1111111111111111111111111111111111111111110011110111001110110011        0    
112          1111111111111111111111111111111111111111110011110111001101110011        2    
113          1111111111111111111111111111111111111111110011110111001101110011        2    
114          1111111111111111111111111111111111111111110011110111001101110011        2    
115          1111111111111111111111111111111111111111110011110111001101110011        2    
116          1111111000011110111001101110011         0    
117          1111111000011110111001101011111         0    
118          1111111000011110111001111011111         0    
119          1111111101100100111001111011111         0    
120          1111111101100100111001110011111         0    
121          1111111101100100111011100011111         0    
122          1111111101100100111011011011111         0    
123          1111111101100100111011011011111         0    
124          1111111101100100111011011011011         0    
125          1111110010100110111011111011011         0    
126          1111110010100110111011110011011         0    
127          1111110010100110111011110011011         0    
128          1111110010100110111011111011011         0    
129          1111110010100110111011001011011         1    
130          1111110010100110111011000011011         1    
131          1101110011100100111011000011011         1    
132          1101110011100100111011010011011         1    
133          1111111111111111111111111111111111111111111100100111011010011011        0    
134          1111111111111111111111111111111111111111111100100111011010011011        0    
135          1111111111111111111111111111111111111111111100100111011010011011        0    
136          1111111111111111111111111111111111111111111100100111011010010111        0    
137          1111111111111111111111111111111111111111111100100011011010010111        0    
138          1111111111111111111111111111111111111111111100100011011010010111        0    
139          1111111111111111111111111111111111111111110100110011011010010111        0    
140          1111111111111111111111111111111111111111110100110011011010010111        4    
141          1111111111111111111111111111111111111111110100110011011010010011        4    
142          1111111111111111111111111111111111111111110100110011011010010011        4    
143          1111111111111111111111111111111111111111111111110011011010010011        0    
144          1111111111111111111111111111111111111111111111110011011111010011        0    
145          1111111111111111111111111111111111111111111111110011011111010011        0    
146          1111111111111111111111111111111111111111111111100011011110010011        0    
147          1111111111111111111111111111111111111111111111100011010110010011        0    
148          1111111111111111111111111111111111111111111111100011010111010011        0    
149          1111111111111111111111111111111111111111111111100011010101010011        0    
150          1111111111111111111111111111111111111111111111100011010101010111        0    
151          1111111111111111111111111111111111111111111111100011010111010111        0    
152          1111111111111111111111111111111111111111111111110011010111010111        0    
153          1111111111111111111111111111111111111111111111110011010101010111        0    
154          1111111111111111111111111111111111111111111111110011010101011011        0    
155          1111111111111111111111111111111111111111111111110011001111011011        0    
156          1111111111111111111111111111111111111111111111110011001111011011        0    
157          1111111111111111111111111111111111111111111111110011001101011011        3    
158          1111111111111111111111111111111110111111110101010011101101011011        0    
159          1111111111111111111111111111111110111111110101010011101101011111        0    
160          1111111111111111111111111111111110111111110101010010101101011111        0    
161          1111111111111111111111111111111110111111110101010010101101011111        0    
162          1111111111111111111111111111111110111111110101010011101101011111        0    
163          1111111111111111111111111111111110111111110101010011101101110011        4    
164          1111111111111111111111111111111110111111110101010110101101110011        4    
165          1111111111111111111111111111111110111111110101010110001101110011        4    
166          1111111111111111111111111111111110111111110101010110001100110011        4    
167          1111111111111111111111111111111110111111110101010111001100110011        4    
168          1111111111111111111111111111111111111111111111110111001100110011        0    
169          1111111111111111111111111111111111111111111111110111001111110011        0    
170          1111111111111111111111111111111111111111111111110111001011110011        0    
171          1111111111111111111111111111111111111111111111110111001010110011        0    
172          1111111111111111111111111111111111111111111111110101101010110011        0    
173          1111111111111111111111111111111111111111111111110101101001110011        0    
174          1111111111111111111111111111111111111111111111110101100111110011        0    
175          1111111111111111111111111111111111111111111111110101100111110011        0    
176          1111111111111111111111111111111111111111111111110101100101110011        0    
177          1111111111111111111111111111111111111111111111110101100101110111        3    
178          1111111111111111111111111111111111111111111111110101000101110111        3    
179          1111111111111111111111111111111111111111111111110101000011110111        3    
180          1111111111111111111111111111111111111111110101010101000011110111        0    
181          1111111111111111111111111111111111111111110101010101000011110111        0    
182          1111111111111111111111111111111111111111110101010111000011110111        0    
183          1111111111111111111111111111111111111111110101010111000011111011        0    
184          1111111111111111111111111111111111111111110101010111000011111011        2    
185          1111111111111111111111111111111111111111110101010111000011111011        2    
186          1111111111111111111111111111111111111111110101010111100011111011        2    
187          1111111111111111111111111111111111111111110101011000100011111011        2    
188          1111111111111111111111111111111111111111100101111000100011111011        0    
189          1111111111111111111111111111111111111111100101111000100011111111        0    
190          1111111111111111111111111111111111111111100101111000100101111111        0    
191          1111111111111111111111111111111111111111100101111000100101111111        0    
192          1111111111111111111111111111111111111111100101111000100111111111        0    
193          1111111111111111111111111111111111111110100101101000100111110010        0    
194          1111111111111111111111111111111111111110100101101000101001110010        0    
195          1111111111111111111111111111111111011110100101111000101001110010        0    
196          1111111111111111111111111111111111011110100101111000101011110010        0    
197          1111111111111111111111111111111111011110100110101000101011110110        1    
198          1111111111111111111111111111111111011110100110101000101101110110        1    
199          1111111111111111111111111111111111111111110110001000101101110110        0    
200          1111111111111111111111111111111111111111111110001001001101110110        0    
201          1111111111111111111111111111111111111111111110000111001101110110        0    
202          1111111111111111111111111111111111111111111110000111001101111010        0    
203          1111111111111111111111111111111111111111110110000111101101111010        0    
204          1111111111111111111111111111111111111111110110000111101101111010        0    
205          1111111111111111111111111111111111111111111110010111101110111010        0    
206          1111111111111111111111111111111111111111111110010101101110111010        0    
207          1111111111111111111111111111111111111111110110100101101111111010        0    
208          1111111111111111111111111111111111111111110110100101101111111010        0    
209          1111111111111111111111111111111111111111110110110101101100111010        0    
210          1111111111111111111111111111111111111111110110110011101100111010        0    
211          1111111111111111111111111111111111111111110110110011001101111010        0    
212          1111111111111111111111111111111111111111110110110010001101111010        4    
213          1111111111111111111111111111111111111111110110110010101101110110        4    
214          1111111111111111111111111111111111111111110110110011101101110110        4    
215          1111111111111111111111111111111111111111111111110011101101110110        0    
216          1111111111111111111111111111111111111111111111110011001101110110        0    
217          1111111111111111111111111111111111111111111111110011001111110110        0    
218          1111111111111111111111111111111111111111111111100011001111110010        0    
219          1111111111111111111111111111111111111111111111100011001101110010        0    
220          1111111111111111111111111111111111111111111111110011001101110010        0    
221          1111111111111111111111111111111111111111111111110011000111110010        0    
222          1111111111111111111111111111111111111111111111100011000111111110        0    
223          1111111111111111111111111111111111111111111111100011000101111110        0    
224          1111111111111111111111111111111111111111111111110011000101111110        3    
225          1111111111111111111111111111111111111111111111110011000111111110        3    
226          1111111111111111111111111111111111111001111101110011000111111110        0    
227          1111111111111111111111111111111111111101111101100011000111111010        0    
228          1111111111111111111111111111111111111101111101100011000111111010        0    
229          1111111111111111111111111111111111110111110101010011000111111010        0    
230          1111111111111111111111111111111111110111110101010011000111111011        0    
231          1111111111111111111111111111111111110111110101010111000111111011        0    
232          1111111111111111111111111111111111110111011101010111100111110111        2    
233          1111111111111111111111111111111111110111011101110111100111110111        0    
234          1111111111111111111111111111111111110111011101110111100101110111        0    
235          1111111111111111111111111111111111110111011101110111100111110111        0    
236          1111111111111111111111111111111111110111110101110111001101110111        0    
237          1111111111111111111111111111111111110111110101110111001111110111        0    
238          1111111111111111111111111111111111110111110101110111001101110111        0    
239          1111111111111111111111111111111111010111101101110101101101110011        0    
240          1111111111111111111111111111111111010111101101110101101111110011        0    
241          1111111111111111111111111111111111010111101101110101110101110011        0    
242          1111111111111111111111111111111111010111101101110101110111110011        0    
243          1111111111111111111111111111111111010111101101110101010111110011        0    
244          1111111111111111111111111111111111010111101101110101010101110011        0    
245          1111111111111111111111111111111111010111101101110101010111110011        0    
246          1111111111111111111111111111111111010111101101110101011101110011        0    
247          1111111111111111111111111111111111111111101101110101111101011111        0    
248          1111111111111111111111111111111111111111101101110101111111011111        0    
249          1111111111111111111111111111111111111111101101110101111111011111        0    
250          1111111111111111111111111111111111111111101101110101111111011111        0    
251          1111111111111111111111111111111111111111101101110101111111011111        0    
252          1111111111111111111111111111111111111111101101110101111111011111        1    
253          1111111111111111111111111111111111111111001101100101111111011111        1    
254          1111111111111111111111111111111111111111001101100101111111110011        1    
255          1111111111111111111111111111111111111111001101100101101111110011        1    
256          1111111111111111111111111111111111111111111101100101101111110011        0    
257          1111111111111111111111111111111111111111111101100101101111110011        0    
258          1111111111111111111111111111111111111111111101100100101111110011        0    
259          1111111111111111111111111111111111111111111101100100101110110011        1    
260          1111111111111111111111111111111111111111111101100011101110110011        1    
261          1111111111111111111111111111111111111111110101110011101110110011        1    
262          1111111111111111111111111111111111111111110101110011101101110011        1    
263          1111111111111111111111111111111111111111110101110010101101110011        1    
264          1111111111111111111111111111111111111111110101110010101101110011        2    
265          1111111111111111111111111111111111111111110101110001101101110011        2    
266          1111111111111111111111111111111111111101110101110001101101110011        0    
267          1111111111111111111111111111111111111101110101110001101101011111        0    
268          1111111111111111111111111111111111111101011110100001101111011111        0    
269          1111111111111111111111111111111111111101011110100001101111011111        0    
270          1111111111111111111111111111111111111101011110100001101101011111        0    
271          1111111111111111111111111111111111111101011110100001101101011011        0    
272          1111111111111111111111111111111111111101011110100001101111011011        0    
273          1111111111111111111111111111111111111101011110100001101111011011        0    
274          1111111111111111111111111111111111111101100110100001101101011011        0    
275          1111111111111111111111111111111111111101100110100001101110011011        0    
276          1111111111111111111111111111111111111101100110100001101110011011        0    
277          1111111111111111111111111111111111111101100110100001101111011011        0    
278          1111111111111111111111111111111111111101100110100001101111011011        0    
279          1111111111111111111111111111111111111101100110100001101111011011        3    
280          1111111111111111111111111111111111101101101110100001101111011011        3    
281          1111111111111111111111111111111111101101101110100001101111011011        3    
282          1111111111111111111111111111111111101101111110000001101111011011        0    
283          1111111111111111111111111111111111101101111110000001101111011111        0    
284          1111111111111111111111111111111111101101111110000011101111011111        0    
285          1111111111111111111111111111111111101101111110000011101111011111        0    
286          1111111111111111111111111111111111101101111110000011101111011111        0    
287          1111111111111111111111111111111111101101111110000011101111110011        0    
288          1111111111111111111111111111111111011101110110010011101111110011        0    
289          1111111111111111111111111111111111011101110110010101101111110011        4    
290          1111111111111111111111111111111111011101110110010101101111110011        4    
291          1111111111111111111111111111111111011101110110010101101111110011        4    
292          1111111111111111111111111111111111111111111111110101101111110011        0    
293          1111111111111111111111111111111111111111111111110101101110110011        0    
294          1111111111111111111111111111111111111111111111110101101110110011        0    
295          1111111111111111111111111111111111111111111111100101101101110011        0    
296          1111111111111111111111111111111111111111111111100101101111110011        0    
297          1111111111111111111111111111111111111111111111100101101111110011        0    
298          1111111111111111111111111111111111111111111111100101101101110011        0    
299          1111111111111111111111111111111111111111111111100101101101011111        0    
300          1111111111111111111111111111111111111111111111100101101111011111        0    
301          1111111111111111111111111111111111111111111111110101101111011111        0    
302          1111111111111111111111111111111111111111111111110101101110011111        0    
303          1111111111111111111111111111111111111111111111110101101100011111        0    
304          1111111111111111111111111111111111111111111111110101101111011111        0    
305          1111111111111111111111111111111111111111111111110101101011011111        0    
306          1111111111111111111111111111111111111111111111110101101011011111        0    
307          1111111111111111111111111111111111111111111111110101101011011111        0    
308          1111111111111111111111111111111111111111111111110101101011011111        0    
309          1111111111111111111111111111111111111111111111110101101011110011        0    
310          1111111111111111111111111111111111111111111111110101011111110011        0    
311          1111111111111111111111111111111111111111111111110101011111110011        0    
312          1111111111111111111111111111111111111111111111110101011111110011        0    
313          1111111111111111111111111111111111111111111111110101011111110111        0    
314          1111111111111111111111111111111111111111111111110101111011110111        0    
315          1111111111111111111111111111111111111111111111110101111011110111        0    
316          1111111111111111111111111111111111111111111111110101111011110111        0    
317          1111111111111111111111111111111111111111111111110101111011111011        3    
318          1111111111111111111111111111111111111111111111110101111111111011        3    
319          1111111111111111111111111111111111111111111111110101111110111011        3    
320          1111111111111111111111111111111111111111111111100101111100111011        3    
321          1111111111111111111111111111111111111111111111100101111101111011        3    
322          1111111111111111111111111111111111111111111111100101111111111011        3    
323          1111111111111111111111111111111111011011011111000101111111111011        0    
324          1111111111111111111111111111111111011011011111000101111110111011        0    
325          1111111111111111111111111111111111011011011111000110111110111011        0    
326          1111111111111111111111111111111111011011011111000110111111111011        0    
327          1111111111111111111111111111111111101011110111010110111111111011        0    
328          1111111111111111111111111111111111101011110111010111111111111011        0    
329          1111111111111111111111111111111111101011110111010111110010111011        0    
330          1111111111111111111111111111111111101011110111011000110010111011        2    
331          1111111111111111111111111111111111101011100111111000110010111011        0    
332          1111111111111111111111111111111111101011100111111000110011111011        0    
333          1111111111111111111111111111111111101011100111111000110101111011        0    
334          1111111111111111111111111111111111101011100111111000110110111011        0    
335          1111111111111111111111111111111111111111100111101000110110111011        0    
336          1111111111111111111111111111111111111111100111101000110110111011        0    
337          1111111111111111111111111111111111111111100111101000110111111011        0    
338          1111111111111111111111111111111111111111100111101000111011111011        0    
339          1111111111111111111111111111111111111111100111101000111100111011        0    
340          1111111111111111111111111111111111111111100111101000111110111011        3    
341          1111111111111111111111111111111111111111110111101000111110111011        0    
342          1111111111111111111111111111111111110010110111101001011111111011        0    
343          1111111111111111111111111111111111110010110111101001011111111011        0    
344          1111111111111111111111111111111111110010110111101001011111110111        0    
345          1111111111111111111111111111111111110010110111101011011111110111        0    
346          1111111111111111111111111111111111110010110111101011011111110111        2    
347          1111111111111111111111111111111111110010110111101011011111110111        2    
348          1111111111111111111111111111111111110110100111101011111111110111        0    
349          1111111111111111111111111111111111110110100111101011111111110011        0    
350          1111111111111111111111111111111111110110100111101011111101110011        0    
351          1111111111111111111111111111111111110110100111101011111101110011        0    
352          1111111111111111111111111111111111110110100111101011111101110010        0    
353          1111111111111111111111111111111111110110100111101011111111110010        0    
354          1111111111111111111111111111111111110111101111101011011111110010        0    
355          1111111111111111111111111111111111110111101111101011011110110010        0    
356          1111111111111111111111111111111111110111101111101011110110110010        1    
357          1111111111111111111111111111111111111111110111101011110110110010        0    
358          1111111111111111111111111111111111111111110111101011110111110010        0    
359          1111111111111111111111111111111111111111110111101010110111110010        0    
360          1111111111111111111111111111111111111111111111101011110111110010        0    
361          1111111111111111111111111111111111111111111111101011111000110010        0    
362          1111111111111111111111111111111111111111111111101011111000110010        0    
363          1111111111111111111111111111111111111111110111101011111000110010        0    
364          1111111111111111111111111111111111111111110111101011111000011110        0    
365          1111111111111111111111111111111111111111110111101011111000011110        0    
366          1111111111111111111111111111111111111111111111101100111000011110        2    
367          1111111111111111111111111111111111010111001111101100111000011110        0    
368          1111111111111111111111111111111111010111110111101100111010011110        0    
369          1111111111111111111111111111111111010111110111101100111010011010        0    
370          1110111111111101101111100011010         0    
371          1110111111111101101111100011010         0    
372          1110111100111101101111110011010         0    
373          1110111100111101101111110010110         0    
374          1011011100111101110111000010110         1    
375          1111111111111111111111111111111111111111110111101110111000010110        0    
376          1111111111111111111111111111111111111111110111100111111000010110        0    
377          1111111111111111111111111111111111111111110111100111111000010010        0    
378          1111111111111111111111111111111111111111110111010110111000010010        0    
379          1111111111111111111111111111111111111111110111010110111001010010        0    
380          1111111111111111111111111111111111111111111111000111111001010010        2    
381          1110011011111100111111010010010         0    
382          1110011110110110111111010010010         0    
383          1110011110110110111111011010010         0    
384          1110111010110110111111111010010         0    
385          1110111010110110111111111010110         0    
386          1111011110110110101111111010110         3    
387          1111011110110110101111111010110         0    
388          1111111010110110111111111010110         0    
389          1111111010110110111111111011010         0    
390          1111111111110110111111111011010         0    
391          1111111111110110111111111011010         0    
392          1101111110110101100111111011010         0    
393          1101111110110101100111110011010         0    
394          1111110111110011101111110011010         0    
395          1111110111110011101111111011010         0    
396          1101110111110001110111111011010         1    
397          1111111111111111111111111111111111111111111110001110111110011010        0    
398          1111111111111111111111111111111111111111111110001101111110011010        0    
399          1111111111111111111111111111111111111111111110001101111110011110        0    
400          1111111111111111111111111111111111111111111110001101111110011110        2    
401          1100111111110101101111110011110         0    
402          1111110111110101110111110011110         0    
403          1111110111110101110111110110010         0    
404          1111110111110101110111110110010         0    
405          1111110111110101110111111110010         0    
406          1110111111101111110111101110010         0    
407          1110111111101111110111100110010         0    
408          1110111100101101110111110110010         0    
409          1110111100101101110111111110010         0    
410          1111111001101111110111011110010         0    
411          1111111001101111110111011110010         1    
412          1111111111111111111111111111111111111111111101011110111011110010        0    
413          1111111111111111111111111111111111111111110101011110111011110010        0    
414          1111111111111111111111111111111111111111110101010111111011110110        0    
415          1111111111111111111111111111111111111111111101010111111011110110        4    
416          1111111111111111111111111111111111111111111101010111111011110110        4    
417          1111111111111111111111111111111111111111110101010111111011110110        4    
418          1111111111111111111111111111111111111111110101010101111011111010        4    
419          1111111111111111111111111111111111111111111111110101111011111010        0    
420          1111111111111111111111111111111111111111111111110101111011111010        0    
421          1111111111111111111111111111111111111111111111110101111110111010        0    
422          1111111111111111111111111111111111111111111111100101111110111010        0    
423          1111111111111111111111111111111111111111111111100101111101111010        0    
424          1111111111111111111111111111111111111111111111110101111101111010        0    
425          1111111111111111111111111111111111111111111111110101111010111010        0    
426          1111111111111111111111111111111111111111111111100101111010111010        0    
427          1111111111111111111111111111111111111111111111100101111000111010        0    
428          1111111111111111111111111111111111111111111111100101111000111010        1    
429          1111111111111111111111111111111111111111111111100101111110111110        1    
430          1111111111111111111111111111111111111111110100100101111110111110        0    
431          1111111111111111111111111111111111111111110100100101111110111110        0    
432          1111111111111111111111111111111111111111110100100101111110111110        0    
433          1111111111111111111111111111111111111111110100100110111110111110        0    
434          1111111111111111111111111111111111111111110100100111111111111110        0    
435          1111111111111111111111111111111111111111110100100111111111111110        0    
436          1111111111111111111111111111111111111111110100100110111110111110        0    
437          1111111111111111111111111111111111111111111100100111111110111110        2    
438          1111111111111111111111111111111111111111111100100111111111111110        2    
439          1111111111111111111111111111111111101111001100100111111111111110        0    
440          1111111111111111111111111111111111101111100100100111111111111110        0    
441          1111111111111111111111111111111111101111100100100111110100111110        0    
442          1111111111111111111111111111111111101111111100101001110100111110        0    
443          1111111111111111111111111111111111101111111100101001110011111110        0    
444          1111111111111111111111111111111111101111111100101001110011111110        0    
445          1111111111111111111111111111111111101111111100101001110110111110        0    
446          1111111111111111111111111111111111101110111100101001110110111110        0    
447          1111111111111111111111111111111111101110111100101001110111111110        0    
448          1111111111111111111111111111111111101110111100101001110111111110        0    
449          1111111111111111111111111111111111101110111100101001111000111110        0    
450          1111111111111111111111111111111111101110111100101001111000111110        0    
451          1111111111111111111111111111111111111110111100101011111000111110        0    
452          1111111111111111111111111111111111111110111100101011111111111110        0    
453          1111111111111111111111111111111111111110111100101010111111111110        0    
454          1111111111111111111111111111111111111010111100011010111111111110        0    
455          1111111111111111111111111111111111111010111100011010111110111110        0    
456          1111111111111111111111111111111111111010111100011011111110111111        0    
457          1111111111111111111111111111111111111010111100011110111110111111        0    
458          1111111111111111111111111111111111110111111100001111111110111111        0    
459          1111111111111111111111111111111111110111111100001111111110110011        3    
460          1111111111111111111111111111111111110111111100001110111110110011        3    
461          1111111111111111111111111111111111110111111100001111111110110011        3    
462          1111111111111111111111111111111111110111110011111010111110110011        4    
463          1111111111111111111111111111111111111111111111111010111110110011        0    
464          1111111111111111111111111111111111111111111111111010111110110011        0    
465          1111111111111111111111111111111111111111111111111010111110110011        0    
466          1111111111111111111111111111111111111111111111111010111110110011        0    
467          1111111111111111111111111111111111111111111111101010111110110011        0    
468          1111111111111111111111111111111111111111111111101010111110110011        0    
469          1111111111111111111111111111111111111111111111101010111110110111        0    
470          1111111111111111111111111111111111111111111111101010111110110111        0    
471          1111111111111111111111111111111111111111111111101010101110110111        3    
472          1111111111111111111111111111111111110110111011101010101110110111        0    
473          1111111111111111111111111111111111110110110011101010101110110111        0    
474          1111111111111111111111111111111111110110110011101011101110110111        0    
475          1111111111111111111111111111111111110110110011101011101110110111        0    
476          1111111111111111111111111111111111110110110011101010101110110111        0    
477          1111111111111111111111111111111111110110110011101011101110110111        0    
478          1111111111111111111111111111111111110111011011101011101110110111        0    
479          1111111111111111111111111111111111110111011011101111101110110111        0    
480          1111111111111111111111111111111111110111011011101111101110111011        0    
481          1111111111111111111111111111111111110111011011111111101110111011        0    
482          1111111111111111111111111111111111110111011011111110101110111011        0    
483          1111111111111111111111111111111111110111010011111110101110111011        0    
484          1111111111111111111111111111111111110111010011111111101110111011        0    
485          1111111111111111111111111111111111110111010011110111101110111011        0    
486          1111111111111111111111111111111111110111010011111001101110111011        0    
487          1010111011011111001101110111011         0    
488          1010111011011111010101110010011         0    
489          1010111011011111011101110010011         0    
490          1010111010011011100101110010011         2    
491          1010111010011011100101110010011         2    
492          1010111010011011101101110010011         2    
493          1010111000011111101101110010011         0    
494          1010111000011110111111110010011         0    
495          1111011000011110111111110010011         3    
496          1111011000011110111111110010111         4    
497          1111011000011110111111110010111         4    
498          1111111111111111111111111111111111111111111111110111111110010111        0    
499          1111111111111111111111111111111111111111111111110111111110010111        0    
500          1111111111111111111111111111111111111111111111110111111110010111        0    
501          1111111111111111111111111111111111111111111111110111111110010111        0    
502          1111111111111111111111111111111111111111111111110111111110010111        0    
503          1111111111111111111111111111111111111111111111110111101110010111        0    
504          1111111111111111111111111111111111111111111111110111101110010111        0    
505          1111111111111111111111111111111111111111111111110111101110010111        0    
506          1111111111111111111111111111111111111111111111110111101110010111        0    
507          1111111111111111111111111111111111111111111111110111101110011011        0    
508          1111111111111111111111111111111111111111111111110111101110011011        0    
509          1111111111111111111111111111111111111111111111111101101110011011        0    
510          1111111111111111111111111111111111111111111111111101101110011011        0    
511          1111111111111111111111111111111111111111111111111101101110011011        0    
512          1111111111111111111111111111111111111111111111111101101110011011        3    
513          1111111111111111111111111111111111111111111111111101101110011011        3    
514          1111111111111111111111111111111111111111111111111101101110011011        3    
515          1110011110011011101101110011011         0    
516          1110011110011011110101110011111         0    
517          1110011110011010111101110011111         0    
518          1110011110011011111101110011111         2    
519          1110011101011111111101110011111         0    
520          1110011101011111110101111011111         0    
521          1110011101011111110101101011111         0    
522          1110001100011111110101111011111         0    
523          1110001100011111110101110011111         0    
524          1110001100011111110101100011111         0    
525          1110001100011111110101110011111         0    
526          1110001011011111111101100011111         0    
527          1110001011011111111101111011111         1    
528          1110001011011111111101111011111         1    
529          1111111111111111111111111111111111111111111011111111101111011111        0    
530          1111111111111111111111111111111111111111111011111111101111011111        0    
531          1111111111111111111111111111111111111111110011111111101111011111        0    
532          1111111111111111111111111111111111111111110011111110101111011111        0    
533          1111111111111111111111111111111111111111110011111110101110011111        3    
534          1111111111111111111111111111111111111111110011111101101110011111        3    
535          1110001110011111101101110011111         0    
536          1110001110011011110101110011111         0    
537          1100001111011011110101110011111         0    
538          1100001111011011111101110011111         0    
539          1100001111011011111101111011111         0    
540          1100001111011011111101111011111         0    
541          1100001111011011111101111011111         0    
542          1110001110011011111101111011111         0    
543          1110001110010111111101111011111         0    
544          1110001110010111111101110011111         0    
545          1110001110010111111101110011111         2    
546          1110001100010111111101110011111         0    
547          1110001100010111011111000011111         0    
548          1111111111111111111111111111111111100000111010111011111000011111        0    
549          1111111111111111111111111111111111100000111010111011111010011011        0    
550          1111111111111111111111111111111111100000111010111011111010011010        0    
551          1111111111111111111111111111111111100000111010111011111100011010        0    
552          1111111111111111111111111111111111100001110010111011111100011010        0    
553          1111111111111111111111111111111111100001110010111011111100011010        0    
554          1111111111111111111111111111111111100001110010111011111110011010        0    
555          1111111111111111111111111111111111100101110010111011111110011010        0    
556          1111111111111111111111111111111111100101110010111011111110010110        0    
557          1111111111111111111111111111111111100101110010111011111000010110        0    
558          1111111111111111111111111111111111111001110010111011111000010110        0    
559          1111111111111111111111111111111111111001110010111011111000010110        0    
560          1111111111111111111111111111111111111001110011111011111000010110        0    
561          1111111111111111111111111111111111101101110011111011111000010110        0    
562          1111111111111111111111111111111111101101110011111011111000010010        0    
563          1111111111111111111111111111111111101101110011111011111000010010        3    
564          1111111111111111111111111111111111111101111011011011111000010010        0    
565          1111111111111111111111111111111111111101111011011011111111010010        0    
566          1111111111111111111111111111111111111101111011111110111111010010        0    
567          1111111111111111111111111111111111111110110011111110111111010010        0    
568          1111111111111111111111111111111111111110110011111110111110010010        0    
569          1111111111111111111111111111111111111110110011111111111110010010        0    
570          1111111111111111111111111111111111111110111011111111111110010010        0    
571          1111111111111111111111111111111111111110111011111111111101010010        0    
572          1111111111111111111111111111111111111110111011111111111101010010        0    
573          1111111111111111111111111111111111111011011011111111111101010010        0    
574          1111111111111111111111111111111111111011011011111111111101010110        4    
575          1111111111111111111111111111111111111111111111111111111101010110        0    
576          1111111111111111111111111111111111111111111111111111111101010110        0    
577          1111111111111111111111111111111111111111111111111111111101010110        0    
578          1111111111111111111111111111111111111111111111111111110111010110        0    
579          1111111111111111111111111111111111111111111111111111110111010110        0    
580          1111111111111111111111111111111111111111111111111111110111010110        0    
581          1111111111111111111111111111111111111111111111111111110101011010        0    
582          1111111111111111111111111111111111111111111111111111110101011010        0    
583          1111111111111111111111111111111111111111111111111111110101011010        0    
584          1111111111111111111111111111111111111111111111111111110111011010        0    
585          1111111111111111111111111111111111111111111111111111110111011010        0    
586          1111111111111111111111111111111111111111111111111111110111011010        0    
587          1111111111111111111111111111111111111111111111111111110101011110        0    
588          1111111111111111111111111111111111111111111111111111110101011110        0    
589          1111111111111111111111111111111111111111111111111111110101011110        0    
590          1111111111111111111111111111111111111111111111111111101110011110        0    
591          1111111111111111111111111111111111111111111111111111101110011110        0    
592          1111111111111111111111111111111111111111111111111111101110011110        0    
593          1111111111111111111111111111111111111111111111111111101111011110        0    
594          1111111111111111111111111111111111111111111111111111101111011110        0    
595          1111111111111111111111111111111111111111111111111111101111011110        0    
596          1111111111111111111111111111111111111111111111111111101010011110        0    
597          1111111111111111111111111111111111111111111111111111101010011110        0    
598          1111111111111111111111111111111111111111111111111111101010011110        0    
599          1111111111111111111111111111111111111111111111111111101001011110        0    
600          1111111111111111111111111111111111111111111111111111101001011110        0    
601          1111111111111111111111111111111111111111111111111111101001011110        0    
602          1111111111111111111111111111111111111111111111111111101110011110        0    
603          1111111111111111111111111111111111111111111111111110101110011110        0    
604          1111111111111111111111111111111111111111111111111110101110011110        0    
605          1111111111111111111111111111111111111111111111111110101111011110        2    
606          1111111111111111111111111111111111110101100101111110101111011110        0    
607          1111111111111111111111111111111111110101100101111110101111011110        0    
608          1111111111111111111111111111111111110101101101111110101111011110        0    
609          1111111111111111111111111111111111110101101101111110101110011110        0    
610          1111111111111111111111111111111111110101101101111111101110011110        0    
611          1111111111111111111111111111111111110110110101111111101110011110        0    
612          1111111111111111111111111111111111110110110101111111101101011110        0    
613          1111111111111111111111111111111111110110110101111111101101011110        0    
614          1111111111111111111111111111111111111110110101111111101101011110        0    
615          1111111111111111111111111111111111111110110101111111101110011110        0    
616          1111111111111111111111111111111111111110110101111110101110011110        0    
617          1111111111111111111111111111111111011110110101111110101110011110        0    
618          1111111111111111111111111111111111011110110101111110101110011110        0    
619          1111111111111111111111111111111111011110110101111110101110011110        0    
620          1111111111111111111111111111111111110110110101111110101110011110        0    
621          1111111111111111111111111111111111110110110101111110101110010010        0    
622          1111111111111111111111111111111111110110110101111110101110010010        0    
623          1111111111111111111111111111111111100110111101111110101110010010        0    
624          1111111111111111111111111111111111100110111101111110111110010010        0    
625          1111111111111111111111111111111111100110111101111110111110010010        0    
626          1111111111111111111111111111111111100111000101111110111110010010        0    
627          1111111111111111111111111111111111100111000101111110111111010010        0    
628          1111111111111111111111111111111111100111000110111110111111010010        0    
629          1111111111111111111111111111111111100111101110111110111111010010        0    
630          1111111111111111111111111111111111100111101110111110110100010010        0    
631          1111111111111111111111111111111111100111101110111110110100010010        0    
632          1111111111111111111111111111111111101001010110111110110100010010        0    
633          1111111111111111111111111111111111101001010110111110110111010010        0    
634          1111111111111111111111111111111111101001010110111111110111010010        1    
635          1111111111111111111111111111111111101001111110111111110111010010        1    
636          1111111111111111111111111111111111101001111110111111111010010010        1    
637          1111111111111111111111111111111111111111111110011111111010010010        0    
638          1111111111111111111111111111111111111111111110011111111010010010        0    
639          1111111111111111111111111111111111111111110110011111111010010010        0    
640          1111111111111111111111111111111111111111110110011101111010010110        0    
641          1111111111111111111111111111111111111111110110011111111010010110        0    
642          1111111111111111111111111111111111111111111110011111111010010110        0    
643          1111111111111111111111111111111111111111111110011110111010010110        0    
644          1111111111111111111111111111111111111111111110011110111010010110        0    
645          1111111111111111111111111111111111111111110110011110111010010110        0    
646          1111111111111111111111111111111111111111110110011011111010011010        4    
647          1111111111111111111111111111111111111111111111111011111010011010        0    
648          1111111111111111111111111111111111111111111111111011111010011010        0    
649          1111111111111111111111111111111111111111111111111011111010011010        0    
650          1111111111111111111111111111111111111111111111111011110110011010        0    
651          1111111111111111111111111111111111111111111111111011110110011010        0    
652          1111111111111111111111111111111111111111111111111011110110011010        1    
653          1111111111111111111111111111111111111111111111111011110110011110        1    
654          1111111111111111111111111111111111111111110110111011110110011110        0    
655          1111111111111111111111111111111111111111110110111011110110011110        0    
656          1111111111111111111111111111111111111111110110111011110110011110        0    
657          1111111111111111111111111111111111111111110110111011110110011110        0    
658          1111111111111111111111111111111111111111110110111011110110011110        0    
659          1111111111111111111111111111111111111111110110111011110110011110        0    
660          1111111111111111111111111111111111111111110110111001110110110010        0    
661          1111111111111111111111111111111111111111110110111001110110110010        2    
662          1111111111111111111111111111111111111111110110111001110110110010        2    
663          1111111111111111111111111111111111111111110110111000110110110010        2    
664          1111111111111111111111111111111111111110100110111000110110110010        0    
665          1111111111111111111111111111111111111110100110111000110110110010        0    
666          1111111111111111111111111111111111111111001110111000110110110010        0    
667          1111111111111111111111111111111111111111001110111000110110110110        0    
668          1111111111111111111111111111111111111111001111111000110110110110        0    
669          1111111111111111111111111111111111111111110111111000110110110110        0    
670          1111111111111111111111111111111111111111110111111000111010110111        1    
671          1111111111111111111111111111111111111111110111011000111010110111        0    
672          1111111111111111111111111111111111111111110111011000111010110111        0    
673          1111111111111111111111111111111111111111110111011111111010110111        0    
674          1111111111111111111111111111111111111111110111011110111010110111        0    
675          1111111111111111111111111111111111111111110111011110111010110111        4    
676          1111111111111111111111111111111111111111111111011110111010110111        4    
677          1111111111111111111111111111111111111111111111011101111010110111        4    
678          1111111111111111111111111111111111111111111111111101111010110111        0    
679          1111111111111111111111111111111111111111111111111101111010111011        0    
680          1111111111111111111111111111111111111111111111111101110110111011        0    
681          1111111111111111111111111111111111111111111111111101110110111011        0    
682          1111111111111111111111111111111111111111111111111101110110111011        0    
683          1111111111111111111111111111111111111111111111111101110010111011        0    
684          1111111111111111111111111111111111111111111111111101110011111011        0    
685          1111111111111111111111111111111111111111111111111101110001111011        0    
686          1111111111111111111111111111111111111111111111110111110001111011        0    
687          1111111111111111111111111111111111111111111111110111111111111011        0    
688          1111111111111111111111111111111111111111111111110111111111111011        0    
689          1111111111111111111111111111111111111111111111110111111111111011        0    
690          1111111111111111111111111111111111111111111111110111111101111011        0    
691          1111111111111111111111111111111111111111111111110111111100111011        0    
692          1111111111111111111111111111111111111111111111110111111100111011        0    
693          1111111111111111111111111111111111111111111111110111111010111011        0    
694          1111111111111111111111111111111111111111111111110111111010111011        0    
695          1111111111111111111111111111111111111111111111110111111000111011        0    
696          1111111111111111111111111111111111111111111111110111111000111011        0    
697          1111111111111111111111111111111111111111111111110111111000111011        0    
698          1111111111111111111111111111111111111111111111110111101111111011        0    
699          1111111111111111111111111111111111111111111111110111101111111011        0    
700          1111111111111111111111111111111111111111111111110111101111111011        0    
701          1111111111111111111111111111111111111111111111110111101111111011        3    
702          1111111111111111111111111111111111111111111111110111101111111011        3    
703          1111111111111111111111111111111111111111111111110111101111111011        3    
704          1111111111111111111111111111111111111111111111110111101111111011        3    
705          1111111111111111111111111111111111111111111111110111101111111011        3    
706          1111111111111111111111111111111111111111111111110111101110111011        3    
707          1111111111111111111111111111111110111101110111110111101110111011        0    
708          1111111111111111111111111111111110111101111111110111101110111011        0    
709          1111111111111111111111111111111110111101111111110110101110111011        0    
710          1111111111111111111111111111111110111101111111110110101110111011        0    
711          1111111111111111111111111111111110111101110111110110101110111011        0    
712          1111111111111111111111111111111110111101110111110111101110111011        0    
713          1111111111111111111111111111111110111101110111110111101110111011        4    
714          1111111111111111111111111111111110111101110111111110101110111011        4    
715          1111111111111111111111111111111111111111111111111110101110111011        0    
716          1111111111111111111111111111111111111111111111111110101110111011        0    
717          1111111111111111111111111111111111111111111111111110011110111011        0    
718          1111111111111111111111111111111111111111111111111101111110111011        0    
719          1111111111111111111111111111111111111111111111111101111110111011        0    
720          1111111111111111111111111111111111111111111111111101111110111011        1    
721          1111111111111111111111111111111111111111111111111101111110111111        1    
722          1111111111111111111111111111111111111111111111111101111110111111        1    
723          1111111111111111111111111111111111111111110111111101111110111111        0    
724          1111111111111111111111111111111111111111111111111101111110111111        0    
725          1111111111111111111111111111111111111111111111110111111110111111        0    
726          1111111111111111111111111111111111111111111111110111011110111111        0    
727          1111111111111111111111111111111111111111110111110111011110111111        0    
728          1111111111111111111111111111111111111111110111110111011110111111        4    
729          1111111111111111111111111111111111111111110111110111011110111111        4    
730          1111111111111111111111111111111111111111111111110111011110111111        4    
731          1111111111111111111111111111111111111111111111110101011110111111        4    
732          1111111111111111111111111111111111111111111111110101011110111111        0    
733          1111111111111111111111111111111111111111111111110101011110111111        0    
734          1111111111111111111111111111111111111111111111110101111110111111        0    
735          1111111111111111111111111111111111111111111111110101111110111111        0    
736          1111111111111111111111111111111111111111111111110101111110111111        0    
737          1111111111111111111111111111111111111111111111110101111111111111        0    
738          1111111111111111111111111111111111111111111111110101111111111111        0    
739          1111111111111111111111111111111111111111111111110101111101111111        0    
740          1111111111111111111111111111111111111111111111110101011101111111        0    
741          1111111111111111111111111111111111111111111111110101011111111111        0    
742          1111111111111111111111111111111111111111111111110101011111111111        0    
743          1111111111111111111111111111111111111111111111110101011111111111        0    
744          1111111111111111111111111111111111111111111111110101011101111111        0    
745          1111111111111111111111111111111111111111111111110101011100111111        0    
746          1111111111111111111111111111111111111111111111110101011100111111        0    
747          1111111111111111111111111111111111111111111111110101001110111111        0    
748          1111111111111111111111111111111111111111111111110111101110111111        0    
749          1111111111111111111111111111111111111111111111110111101100111111        0    
750          1111111111111111111111111111111111111111111111110111101100111111        0    
751          1111111111111111111111111111111111111111111111110111101100111111        0    
752          1111111111111111111111111111111111111111111111110111101011111111        0    
753          1111111111111111111111111111111111111111111111110111101011111111        0    
754          1111111111111111111111111111111111111111111111110111101011111111        0    
755          1111111111111111111111111111111111111111111111110111001011111111        0    
756          1111111111111111111111111111111111111111111111110111001011111111        0    
757          1111111111111111111111111111111111111111111111110111001111111111        0    
758          1111111111111111111111111111111111111111111111110111001111111111        0    
759          1111111111111111111111111111111111111111111111110111001111111111        0    
760          1111111111111111111111111111111111111111111111110111001110111111        0    
761          1111111111111111111111111111111111111111111111110111001110111111        0    
762          1111111111111111111111111111111111111111111111110111001010111111        3    
763          1111111111111110111001010111111         0    
764          1111111111111110111101010111111         0    
765          1111110010111110111101010111111         0    
766          1111110010111110110101010111111         0    
767          1111110011111110110101011111111         0    
768          1111110011111110111101011111111         0    
769          1111110011111110111101011111111         2    
770          1111110011111111010101011111111         2    
771          1111110001111111010001011111111         0    
772          1111110001111111010001011111111         0    
773          1111110001111111010001101111111         0    
774          1111110000111111010001100111111         0    
775          1111110000111111010001110111111         0    
776          1111111111111111010001110111111         0    
777          1111111111111111001101110111111         0    
778          1111101110111111001101110111111         0    
779          1111101110111111001101110111111         0    
780          1111101110111111001101110110011         0    
781          1111101111111111001101110110011         4    
782          1111101111111111011101110110011         4    
783          1111101110111111011101110110011         4    
784          1111101110111111011001110110011         4    
785          1111111111111111111111111111111111111111111111111011001110110011        0    
786          1111111111111111111111111111111111111111111111111011001110110011        0    
787          1111111111111111111111111111111111111111111111111011001100110011        0    
788          1111111111111111111111111111111111111111111111111011001100110011        0    
789          1111111111111111111111111111111111111111111111111011001100110011        3    
790          1111111111111111111111111111111111111111111111111011001010110011        3    
791          1111101110111111011001010110011         0    
792          1111101111111111011101010110011         0    
793          1111101111111111100101010110011         0    
794          1111101111111111100101010110011         0    
795          1111101110011111110001010110011         0    
796          1111101110011111111001010110011         0    
797          1111101110011111111001010110111         0    
798          1111101111011111111101010110111         0    
799          1111101111011111110101010110111         0    
800          1111101111011111110101010110111         0    
801          1111110100011111111001010110111         0    
802          1111110100011111111001100110111         0    
803          1111110000011111111001100110111         0    
804          1111110001011111111101100110111         0    
805          1111110001011111111101100110111         0    
806          1111110001011111111101110110111         0    
807          1111110001011111110001110110111         0    
808          1111110001011111110001000110111         0    
809          1111110001011111110101000110111         0    
810          1111111101011111110101010110111         0    
811          1111111100011111110101010110111         0    
812          1111111100011111110101010111011         0    
813          1111111100011111110101100111011         0    
814          1111111111011111110101100111011         0    
815          1111111111011111110101110111011         0    
816          1111011110011111110001110111011         0    
817          1111011110011111110001110111011         0    
818          1111011110011111110011000111011         0    
819          1111111110011111111110111111010         0    
820          1111111110011111111110111111010         0    
821          1111111110011111111110111111010         0    
822          1111111101011111111010110111010         0    
823          1111111101011111111010110111010         0    
824          1111111101011111111010110111010         0    
825          1111111100011111110110101111010         0    
826          1111111100011111110110111111010         0    
827          1111101100011111110110111111010         0    
828          1111101111011111110010111110110         0    
829          1111101111011111110011101110110         0    
830          1111101010011111110011101110110         0    
831          1111101010011111110011111110110         0    
832          1111101110011111110011111110110         0    
833          1111101101011111110011111110010         0    
834          1111101101011111110011101110010         0    
835          1111101001011111110011101110010         0    
836          1111001001011111110111101110010         0    
837          1111001001011111110111111110010         0    
838          1111001001011111110111111110010         0    
839          1111101001011111111011111111110         0    
840          1111101001011111111100101111110         1    
841          1111111111111111111111111111111111111111111011111111100101111110        0    
842          1111111111111111111111111111111111111111111011111111100110111110        0    
843          1111111111111111111111111111111111111111111011111111100110111110        0    
844          1111111111111111111111111111111111111111111011111111100110111110        0    
845          1111111111111111111111111111111111111111111011111101100111111110        0    
846          1111111111111111111111111111111111111111111011111100100111111110        0    
847          1111111111111111111111111111111111111111111011111100100111111110        3    
848          1111111111111111111111111111111111111111111011111100101000111110        3    
849          1111111111111111111111111111111111111111111011111011101000111110        3    
850          1111111111111111111111111111111111000111011011111011101000111110        0    
851          1111111111111111111111111111111111000111011011111011101001111110        0    
852          1111111111111111111111111111111111000111011011111100101001111110        0    
853          1111111111111111111111111111111111001111111011011100101010111110        0    
854          1111111111111111111111111111111111001111111011011101101010111110        0    
855          1111111111011011101101010111110         0    
856          1111111110011011101101011111110         0    
857          1111111110011011110101011111110         2    
858          1101111110011111110101011111110         0    
859          1101111111011111111101100111110         0    
860          1101111111011111111101110111110         4    
861          1111111111111111111111111111111111111111111111111111101110111110        0    
862          1111111111111111111111111111111111111111111111111111101111111110        0    
863          1111111111111111111111111111111111111111111111111111101101111110        0    
864          1111111111111111111111111111111111111111111111111111101101111110        0    
865          1111111111111111111111111111111111111111111111111110101110111110        0    
866          1111111111111111111111111111111111111111111111111110111110111110        1    
867          1111111111111111111111111111111111111111111111111110111110111110        1    
868          1111111111111111111111111111111111111111111111111110011110111110        1    
869          1111111111111111111111111111111111111111111111111110011110111110        1    
870          1111111111111111111111111111111111111111111111111110011110111110        1    
871          1111111111111111111111111111111111111111111111111110011110111010        1    
872          1111111111111111111111111111111111111111111111111110011110111010        1    
873          1111111111111111111111111111111111111111111011111110011110111010        0    
874          1111111111111111111111111111111111111111110011111110011110111010        0    
875          1111111111111111111111111111111111111111110011111111011110111010        3    
876          1011110110011111111011110111010         0    
877          1001110111011111111111111111010         0    
878          1001110111011111110111111111010         0    
879          1111110111011111110111111111010         0    
880          1111110110011111111011010111010         0    
881          1111111111111111111111111111111111111111110011111111011010111010        0    
882          1111111111111111111111111111111111111111111011111111111011111010        0    
883          1111111111111111111111111111111111111111111011111111111011111010        0    
884          1111111111111111111111111111111111111111111011111111111011111010        0    
885          1111111111111111111111111111111111111111110011111101011010111010        0    
886          1111111111111111111111111111111111111111110011111100011010111010        0    
887          1111111111111111111111111111111111111111110011111100111010110110        0    
888          1111111111111111111111111111111111111111110011111011111010110110        4    
889          1111111111111111111111111111111111111111111111111011111010110110        0    
890          1111111111111111111111111111111111111111111111111011111010110110        0    
891          1111111111111111111111111111111111111111111111111011111010110110        0    
892          1111111111111111111111111111111111111111111111111011111010110110        0    
893          1111111111111111111111111111111111111111111111111011111010110010        0    
894          1111111111111111111111111111111111111111111111111011110110110010        0    
895          1111111111111111111111111111111111111111111111111011110110110010        0    
896          1111111111111111111111111111111111111111111111111011010110110010        0    
897          1111111111111111111111111111111111111111111111111011010110110010        0    
898          1111111111111111111111111111111111111111111111111011010110110010        0    
899          1111111111111111111111111111111111111111111111111111110110011110        1    
900          1111111111111111111111111111111111111111111111111111110010011110        1    
901          1111111111111111111111111111111111111111110011011111110010011110        0    
902          1111111111111111111111111111111111111111111011011111010010011110        0    
903          1111111111111111111111111111111111111111111011011111010010011110        0    
904          1111111111111111111111111111111111111111111011011111010010011110        0    
905          1111111111111111111111111111111111111111110010111111010010011010        0    
906          1111111111111111111111111111111111111111110010111111010010011010        0    
907          1111111111111111111111111111111111111111110010111111010010011010        0    
908          1111111111111111111111111111111111111111110010111111110010011010        0    
909          1111111111111111111111111111111111111111110010111110110010011010        2    
910          1011011000010111110110010011010         0    
911          1011111000010111110010010010110         0    
912          1011111000010111110010110010110         4    
913          1111111111111111111111111111111111111111111111111110010110010110        0    
914          1111111111111111111111111111111111111111111111111101110110010110        0    
915          1111111111111111111111111111111111111111111111111101110010010110        0    
916          1111111111111111111111111111111111111111111111111101110010010110        0    
917          1111111111111111111111111111111111111111111111111101010010010010        0    
918          1111111111111111111111111111111111111111111111111101010010010010        0    
919          1111111111111111111111111111111111111111111111111101010010010010        0    
920          1111111111111111111111111111111111111111111111111100110011010010        0    
921          1111111111111111111111111111111111111111111111111100111111010010        0    
922          1111111111111111111111111111111111111111111111111100111111010010        3    
923          1111111111111111111111111111111111111111111111111100111110010010        3    
924          1111111111111111111111111111111111111111111111111100111100010010        3    
925          1110011111011011100111100010010         0    
926          1110011110011011100111101010010         0    
927          1110011110011011101111101010010         0    
928          1110101110011011101111101010010         0    
929          1110101011011111101111101010010         0    
930          1110101011011111110111101010010         0    
931          1110101111011111110111101010010         0    
932          1110101110011111110011101011110         4    
933          1110101110011111111011101011110         4    
934          1111111111111111111111111111111111111111111111111111011101011110        0    
935          1111111111111111111111111111111111111111111111111011111101011110        0    
936          1111111111111111111111111111111111111111111111111011111111011110        0    
937          1111111111111111111111111111111111111111111111111011111111011110        0    
938          1111111111111111111111111111111111111111111111111011011110011110        0    
939          1111111111111111111111111111111111111111111111111011011110011110        0    
940          1111111111111111111111111111111111111111111111111011011110011110        0    
941          1111111111111111111111111111111111111111111111111011011111011110        0    
942          1111111111111111111111111111111111111111111111111011010111011110        0    
943          1111111111111111111111111111111111111111111111111011010111011110        3    
944          1111111111111111111111111111111111111111111111111011011110011110        3    
945          1111111111111111111111111111111111111111111111111011011100011110        3    
946          1111111111111111111111111111111111111111111111111011011100011110        3    
947          1111111111111111111111111111111111111111111111111011011101011110        3    
948          1111111111111111111111111111111111111111111111111011011011011110        3    
949          1111111110100011011011011011110         0    
950          1111111111100111011011010011110         0    
951          1111111111100111111011010011110         0    
952          1111111111111111111111111111111111101111111100111111011010011110        0    
953          1111111111111111111111111111111111101111110100111111011011011110        0    
954          1111111111111111111111111111111111101111110100111111011011011110        0    
955          1111111111111111111111111111111111101111110100111111011011011110        0    
956          1111111111111111111111111111111111101111111101011111011011011010        0    
957          1111111111111111111111111111111111101111111101011111011011011010        2    
958          1111111111111111111111111111111111101111101101111111011011011010        0    
959          1111111111111111111111111111111111110101101101111111011011011010        0    
960          1111111111111111111111111111111111110101101101111111011111011010        0    
961          1111111111111111111111111111111111110101101101111111011111011010        0    
962          1111111111111111111111111111111111110101101101111110111111010110        0    
963          1111111111111111111111111111111111110101101101111110111111010110        0    
964          1111111111111111111111111111111111110101101101111110111111010110        0    
965          1111111111111111111111111111111111111101101101111110011111010110        0    
966          1111111111111111111111111111111111111101101101111110011011010110        0    
967          1111111111111111111111111111111111111101101101111110011011010110        0    
968          1111111111111111111111111111111111111101100101111111111011010010        0    
969          1111111111111111111111111111111111111101100101111111111011010010        0    
970          1111111111111111111111111111111111111101100101111111111011010010        0    
971          1111111111111111111111111111111111111101111101111111011110010010        0    
972          1111111111111111111111111111111111111101111101111111011100010010        1    
973          1111111111111111111111111111111111111101111101111111011100010010        1    
974          1111111111111111111111111111111111111101110101111110111101010010        1    
975          1111111111111111111111111111111111111101110101111110111111010010        1    
976          1111111111111111111111111111111111111101010101111110111111010010        1    
977          1111111111111111111111111111111111111101001101111110111110010010        1    
