time         game_state
1            1111111111111111111111111111111111111111111111111110011111011110        0    
2            1111111111111111111111111111111111111111111111111110111111011110        0    
3            1111111111111111111111111111111111111111111111111110111111011110        0    
4            1111111111111111111111111111111111111111111111111111011111110010        0    
5            1111111111111111111111111111111111111111111111111111011111110010        0    
6            1111111111111111111111111111111111111111111111111111111111110010        0    
7            1111111111111111111111111111111111111111111111111111111111110010        0    
8            1111111111111111111111111111111111111111111111111000011110110010        0    
9            1111111111111111111111111111111111111111111111111000011110110010        0    
10           1111111111111111111111111111111111111111111111111000111111110010        0    
11           1111111111111111111111111111111111111111111111111000111101110010        0    
12           1111111111111111111111111111111111111111111111111000111101110010        0    
13           1111111111111111111111111111111111111111111111111000111111110010        0    
14           1111111111111111111111111111111111111111111111111000111111011110        0    
15           1111111111111111111111111111111111111111111111111000111101011110        0    
16           1111111111111111111111111111111111111111111111111000011100011110        0    
17           1111111111111111111111111111111111111111111111111000001110011110        0    
18           1111111111111111111111111111111111111111111111111111101111011110        0    
19           1111111111111111111111111111111111111111111111111111101111011110        0    
20           1111111111111111111111111111111111111101110011011111001111011010        0    
21           1111111111111111111111111111111111111101110011011111001111011010        0    
22           1111111111111111111111111111111111111101111011011111101111011010        0    
23           1111111111111111111111111111111111111101111011011110101111011010        0    
24           1111111111111111111111111111111111111101110011011110001111010110        0    
25           1111111111111111111111111111111111111101110011011111001111010110        4    
26           1111111111111111111111111111111111111111111111111111001111010110        0    
27           1111111111111111111111111111111111111111111111111111001011010110        0    
28           1111111111111111111111111111111111111111111111111111001011010010        0    
29           1111111111111111111111111111111111111111111111111111001011010010        0    
30           1111111111111111111111111111111111111111111111111111101100010010        0    
31           1111111111111111111111111111111111111111111111111111101110010010        0    
32           1111111111111111111111111111111111111111111111111111001111010010        1    
33           1111111111111111111111111111111111111111111111111111001101010010        1    
34           1111111111111111111111111111111111111111111111111111101110010010        1    
35           1111111111111111111111111111111111111111111111111111101110010010        4    
36           1111111111111111111111111111111111111111111111111011001110010010        4    
37           1111111111111111111111111111111111111111111111111011101110011110        4    
38           1110111110011111011101110011110         0    
39           1110111110011111100101110011110         0    
40           1110111111011011100101111011110         0    
41           1110111111011011101101111011110         0    
42           1110111110011011101010010011110         0    
43           1110111110011011110010010011110         0    
44           1111011110011011111110011011110         2    
45           1111011100011111111110011011110         0    
46           1111101100011111111010110011110         0    
47           1111101101010111111010111011110         0    
48           1111101110010111110111100011110         0    
49           1111101111010111110011111011110         0    
50           1111110100010111111111110011110         0    
51           1111111111111111111111111111111110111110101010111111011111011110        0    
52           1111111111111111111111111111111110111011001010111110111000011110        0    
53           1111111111111111111111111111111110110111101011111110111010011110        0    
54           1111111111111111111111111111111110110111100011111110111100010010        0    
55           1111111111111111111111111111111110110101111011111110111110010010        0    
56           1111111111111111111111111111111110110001110011111110111000010110        0    
57           1111111111111111111111111111111110111111110100111110111010010110        0    
58           1111111111111111111111111111111110111111101100111110111100011010        0    
59           1111111111111111111111111111111110111111100100111110111110011010        0    
60           1111111111111111111111111111111110101111011100111111111000011110        0    
61           1111111111111111111111111111111110111111010100111111111010011110        0    
62           1111111111111111111111111111111110101111001100111110111100110010        0    
63           1111111111111111111111111111111110110011101100111110111110110010        0    
64           1111111111111111111111111111111110110101001100111111111000110110        0    
65           1111111111111111111111111111111110111101101100111111111010110110        0    
66           1111111111111111111111111111111110111101101100111110111100111010        0    
67           1111111111111111111111111111111111100101101100111110111111111010        0    
68           1111111111111111111111111111111111110101101100111111111010111010        0    
69           1111111111111111111111111111111111111101001100111111111011111010        0    
70           1111111111111111111111111111111111111101110100111110111111110110        0    
71           1111111111111111111111111111111111111111011100111110111111110110        0    
72           1111111111111111111111111111111111111111100101111110111011110010        0    
73           1111111111111111111111111111111111111111110101011110111011110010        0    
74           1111111111111111111111111111111111111111111101011110111011110010        0    
75           1111111111111111111111111111111111111111111101011111111011110010        0    
76           1111111111111111111111111111111111111111110101011111111100110010        0    
77           1111111111111111111111111111111111111111110101011110111100110010        4    
78           1111111111111111111111111111111111111111111101011111111101110010        4    
79           1111111111111111111111111111111111111111111101011011111101110010        4    
80           1111111111111111111111111111111111111111111111111011111101110010        0    
81           1111111111111111111111111111111111111111111111111011111110110010        0    
82           1111111111111111111111111111111111111111111111111011111110110010        1    
83           1111111111111111111111111111111111111111111111111011111110110010        1    
84           1111111111111111111111111111111111111111111111111011111110110010        1    
85           1111111111111111111111111111111111111111111101111011111110110010        0    
86           1111111111111111111111111111111111111111110101111011111110110110        1    
87           1111111111111111111111111111111111111111110101111011111110110110        1    
88           1111111111111111111111111111111111111111111110011011111110110110        1    
89           1111111111111111111111111111111111111111111110011011111110110110        1    
90           1111111111111111111111111111111111111111110110011011111110111010        2    
91           1111111111111111111111111111111111111111110110011011111110111010        2    
92           1111111111111111111111111111111111001010100110111011111110111010        0    
93           1111111111111111111111111111111111111110100110111011111110111010        0    
94           1111111111111111111111111111111111111110100110111011111110111010        0    
95           1111111111111111111111111111111111111010100110111011111110111110        0    
96           1111111111111111111111111111111111111010100110111011111110111111        0    
97           1111111111111111111111111111111111111111110110111011111110111111        0    
98           1111111111111111111111111111111111111111110110111111111110111111        0    
99           1111111111111111111111111111111111111111110110111111111110111111        0    
100          1111111111111111111111111111111111111111110110111110111110111111        0    
101          1111111111111111111111111111111111111111110110111101111110111111        4    
102          1111111111111111111111111111111111111111111111111101111110111111        0    
103          1111111111111111111111111111111111111111111111111101111110111111        0    
104          1111111111111111111111111111111111111111111111111101111110110011        0    
105          1111111111111111111111111111111111111111111111111101111110110011        0    
106          1111111111111111111111111111111111111111111111111101111110110011        0    
107          1111111111111111111111111111111111111111111111111101111110110011        0    
108          1111111111111111111111111111111111111111111111111101111110110011        0    
109          1111111111111111111111111111111111111111111111111101111110110011        0    
110          1111111111111111111111111111111111111111111111111101111110110011        0    
111          1111111111111111111111111111111111111111111111111101111110110011        0    
112          1111111111111111111111111111111111111111111111111101111110110111        0    
113          1111111111111111111111111111111111111111111111111101111110110111        0    
114          1111111111111111111111111111111111111111111111111101111110110111        0    
115          1111111111111111111111111111111111111111111111111111111110110111        0    
116          1111111111111111111111111111111111111111111111111111111110110111        0    
117          1111111111111111111111111111111111111111111111111111111110110111        0    
118          1111111111111111111111111111111111111111111111111111111110110111        0    
119          1111111111111111111111111111111111111111111111111111111110110111        3    
120          1111111111111111111111111111111110111110011110111111111110110111        0    
121          1111111111111111111111111111111110111010011111011111111110111011        0    
122          1111111111111111111111111111111110111010011111011110111110111011        0    
123          1111111111111111111111111111111110111110011111011110111110111011        0    
124          1111111111111111111111111111111110111110011111011111111110111011        0    
125          1111111111111111111111111111111110111110010111011111111110111011        2    
126          1111111111111111111111111111111110111110010111011110111110111011        2    
127          1111111111111111111111111111111110111110000111111110111110111011        0    
128          1111111111111111111111111111111110111111111111111110111101111011        0    
129          1111111111111111111111111111111110111111111111111110111111111011        0    
130          1111111111111111111111111111111110111111110111111110111111111011        0    
131          1111111111111111111111111111111110111111110111111110111101111011        0    
132          1111111111111111111111111111111110111111101111111110111101111011        0    
133          1111111111111111111111111111111110111111101111111110111111111011        0    
134          1111111111111111111111111111111110111111100111111110111110111011        0    
135          1111111111111111111111111111111110111111100111111110111100111011        0    
136          1111111111111111111111111111111110111011100111111110111100111011        0    
137          1111111111111111111111111111111111111111100111111110111110111011        0    
138          1111111111111111111111111111111111111111100111111110111110111011        0    
139          1111111111111111111111111111111111111111100111111110111100111011        0    
140          1111111111111111111111111111111111111111100111111101111111111011        3    
141          1111111111111111111111111111111111111111101111111101111111111011        3    
142          1111111111111111111111111111111111111111101111111101111111111011        3    
143          1111111111111111111111111111111111111111111111111101111111111011        0    
144          1111111111111111111111111111111111111111110111111101111111111011        0    
145          1111111111111111111111111111111111111111110111111101111111111011        0    
146          1111111111111111111111111111111111111111111111111101111111111011        0    
147          1111111111111111111111111111111111111111111111111111111111111011        0    
148          1111111111111111111111111111111111111111111111111111111111110111        0    
149          1111111111111111111111111111111111111110010111111111111111110111        0    
150          1111111111111111111111111111111111111110010111111111111111110111        2    
151          1111111111111111111111111111111111111110000111111111111111110111        0    
152          1111111111111111111111111111111111111110001111111111111111110111        0    
153          1111111111111111111111111111111111111110001111111111111011110111        0    
154          1111111111111111111111111111111111111110001111111111111011110111        0    
155          1111111111111111111111111111111111111110101111111111111111011111        0    
156          1111111111111111111111111111111111111110101111111111111111011111        0    
157          1111111111111111111111111111111111110110101111111111111111011111        0    
158          1111111111111111111111111111111111110111001111111111111111011111        0    
159          1111111111111111111111111111111111110111000111111111111111011111        3    
160          1111111111111111111111111111111111110111100111111111111111110011        3    
161          1111111111111111111111111111111111110111111111111111111111110011        3    
162          1111111111111111111111111111111111111101111111111111111111110011        3    
163          1111111111111111111111111111111111111101111111111111111111110011        0    
164          1111111111111111111111111111111111111101110111111111111111110011        0    
165          1111111111111111111111111111111111111101110111111100111110110011        3    
166          1111111111111111111111111111111111111101111111111100111110110011        3    
167          1111111111111111111111111111111111111101111111111101111101110011        3    
168          1111111111111111111111111111111111111101110111111111111101110011        4    
169          1111111111111111111111111111111111111101110111111111111101110011        4    
170          1111111111111111111111111111111111111111111111111111111101110011        0    
171          1111111111111111111111111111111111111111111111111111111101110011        0    
172          1111111111111111111111111111111111111111111111111111111111011111        0    
173          1111111111111111111111111111111111111111111111111111111111011111        0    
174          1111111111111111111111111111111111111111111111111111111101011111        0    
175          1111111111111111111111111111111111111111111111111111111101011111        0    
176          1111111111111111111111111111111111111111111111111111111111011011        0    
177          1111111111111111111111111111111111111111111111111111111111011011        0    
178          1111111111111111111111111111111111111111111111111111111101011011        0    
179          1111111111111111111111111111111111111111111111111111111101011011        0    
180          1111111111111111111111111111111111111111111111111111101110011011        0    
181          1111111111111111111111111111111111111111111111111110101110011010        0    
182          1111111111111111111111111111111111111111111111111110101110011010        0    
183          1111111111111111111111111111111111111111111111111110101111011010        0    
184          1111111111111111111111111111111111111111111111111110101111011010        0    
185          1111111111111111111111111111111111111111111111111110101111011010        0    
186          1111111111111111111111111111111111111111111111111110101111011010        0    
187          1111111111111111111111111111111111111111111111111111101111011010        0    
188          1111111111111111111111111111111111111111111111111111101111011010        0    
189          1111111111111111111111111111111111111111111111111111101111011110        0    
190          1111111111111111111111111111111111111111111111111111101111011110        0    
191          1111111111111111111111111111111111111111111111111111101111011110        0    
192          1111111111111111111111111111111111111111111111111111101111011110        0    
193          1111111111111111111111111111111111111111111111111110101111011110        0    
194          1111111111111111111111111111111111111111111111111110101111011110        0    
195          1111111111111111111111111111111111111111111111111110101111110010        0    
196          1111111111111111111111111111111111111111111111111110101111110010        0    
197          1111111111111111111111111111111111111111111111111110101111110010        0    
198          1111111111111111111111111111111111111111111111111110101111110010        0    
199          1111111111111111111111111111111111111111111111111110101111110010        0    
200          1111111111111111111111111111111111111111111111111110101111110010        0    
201          1111111111111111111111111111111111111111111111111110101110110010        0    
202          1111111111111111111111111111111111111111111111111110101110110010        0    
203          1111111111111111111111111111111111111111111111111110101110110010        0    
204          1111111111111111111111111111111111111111111111111110111111110010        0    
205          1111111111111111111111111111111111111111111111111110011111110010        0    
206          1111111111111111111111111111111111111111111111111110011111110010        0    
207          1111111111111111111111111111111111111111111111111110011101110010        0    
208          1111111111111111111111111111111111111111111111111111111101110010        1    
209          1111111111111111111111111111111111111111111111111111111101110010        1    
210          1111111111111111111111111111111111111111111111111111111111011110        1    
211          1111111111111111111111111111111111111111110011011111111111011110        0    
212          1111111111111111111111111111111111111111110011011111011111011110        0    
213          1111111111111111111111111111111111111111110011011111011111011110        0    
214          1111111111111111111111111111111111111111110011011111011110011110        0    
215          1111111111111111111111111111111111111111110011011111111110011110        0    
216          1111111111111111111111111111111111111111111011011111111110011110        0    
217          1111111111111111111111111111111111111111111011011110111011011110        0    
218          1111111111111111111111111111111111111111111011011110011011011110        0    
219          1111111111111111111111111111111111111111110011011110011011011110        0    
220          1111111111111111111111111111111111111111110011011111011011011010        4    
221          1111111111111111111111111111111111111111111111111111011011011010        0    
222          1111111111111111111111111111111111111111111111111111011011011010        0    
223          1111111111111111111111111111111111111111111111111111011011011010        0    
224          1111111111111111111111111111111111111111111111111111011011011010        0    
225          1111111111111111111111111111111111111111111111111111011011011010        0    
226          1111111111111111111111111111111111111111111111111111011011011010        0    
227          1111111111111111111111111111111111111111111111111111011111010110        0    
228          1111111111111111111111111111111111111111111111111111111111010110        0    
229          1111111111111111111111111111111111111111111111111111111111010110        0    
230          1111111111111111111111111111111111111111111111111111111111010110        0    
231          1111111111111111111111111111111111111111111111111111011111010110        0    
232          1111111111111111111111111111111111111111111111111111011111010110        0    
233          1111111111111111111111111111111111111111111111111111011011010010        0    
234          1111111111111111111111111111111111111111111111111111111011010010        1    
235          1111111111111111111111111111111111111111111011111111111011010010        0    
236          1111111111111111111111111111111111111111111011111111111110010010        0    
237          1111111111111111111111111111111111111111111011111010011110010010        0    
238          1111111111111111111111111111111111111111110011111010011110010010        0    
239          1111111111111111111111111111111111111111110011111010011111010010        0    
240          1111111111111111111111111111111111111111110011111001111111010010        0    
241          1111111111111111111111111111111111111111111011111001111111010010        0    
242          1111111111111111111111111111111111111111111011111001111110010010        0    
243          1111111111111111111111111111111111111111111011111000111110010010        2    
244          110111110011111000111110010010          0    
245          110101110011111000111111010010          0    
246          110101110011111000111111010010          0    
247          101101110011111000111111010010          0    
248          101101110011111000110100010010          0    
249          101101110011111000010110010010          0    
250          101101101011111000010110010010          0    
251          101101101011111000010111010010          0    
252          101101101011111111111001010010          0    
253          101101100011111111111001010010          0    
254          111101100011111111111010010010          0    
255          111101100011111111011010010010          0    
256          111101111011111111011010010010          0    
257          1101101111011111111011011010010         0    
258          1101101111011111110111111010010         0    
259          1101101110011111110111111010010         0    
260          1111101110011111110111100010010         0    
261          1111101110011111110011110010010         0    
262          1111101101011111110011110010010         0    
263          1111101001011111110011111010010         0    
264          1111101001011111110110101010010         0    
265          1110101001011111110110101010010         0    
266          1110101101011111110110101010110         0    
267          1110101101011111110110111010110         0    
268          1110101101011111110110111010110         0    
269          1110111001011111110110111010110         0    
270          1110111001011111110110101010110         0    
271          1111111001011111110110101010110         0    
272          1111111101011111110110101011010         0    
273          1111111101011111111110111011010         0    
274          1111111101011111111110111011010         0    
275          1111111101011111111110111011010         3    
276          1111111101011111111111101011010         3    
277          1100111111011111111111101011010         0    
278          1110111111011111111111110011010         0    
279          1110111111011111001111110011010         0    
280          1110111111011111001111110011010         0    
281          1111111111111111111111111111111111000111111011111001111111011010        0    
282          1111111111111111111111111111111111000111111011111010111111011010        0    
283          1111111111111111111111111111111111001111111011111010111111011010        0    
284          1111111111111111111111111111111111001111011011111010111000011010        0    
285          1111111111111111111111111111111111001111011011111011111000011010        0    
286          1111111111111111111111111111111111001111010011111011111000011010        4    
287          1111111111111111111111111111111111111111111111111011111000011110        0    
288          1111111111111111111111111111111111111111111111111011111000011110        0    
289          1111111111111111111111111111111111111111111111111011111110011110        0    
290          1111111111111111111111111111111111111111111111111011111110011110        0    
291          1111111111111111111111111111111111111111111111111011111110011110        0    
292          1111111111111111111111111111111111111111111111111011111100011110        0    
293          1111111111111111111111111111111111111111111111111011111100110010        0    
294          1111111111111111111111111111111111111111111111111111111100110010        0    
295          1111111111111111111111111111111111111111111111111111111010110010        0    
296          1111111111111111111111111111111111111111111111111111111010110010        0    
297          1111111111111111111111111111111111111111111111111111111010110010        0    
298          1111111111111111111111111111111111111111111111111111111000110010        3    
299          1111111111111111111111111111111111001001110011011111111000110110        0    
300          1111111111111111111111111111111111001001110010111111111000110110        0    
301          1111111111111111111111111111111111001001111010111111111000110110        0    
302          1111111111111111111111111111111111001011111010111111111000110110        0    
303          1111111111111111111111111111111111001011111010111111111000110110        0    
304          1111111111111111111111111111111111001010010010111111111000110110        0    
305          1111111111111111111111111111111111001010110010111111111000111010        4    
306          1111111111111111111111111111111111001010110010111101111000111010        4    
307          1111111111111111111111111111111111001010111010111110111000111010        4    
308          1111111111111111111111111111111111111111111111111110111001111010        0    
309          1111111111111111111111111111111111111111111111111110111001111010        0    
310          1111111111111111111111111111111111111111111111111110011111111010        0    
311          1111111111111111111111111111111111111111111111111110011110111010        0    
312          1111111111111111111111111111111111111111111111111110011110111010        0    
313          1111111111111111111111111111111111111111111111111110011110111010        0    
314          1111111111111111111111111111111111111111111111111110011111111010        0    
315          1111111111111111111111111111111111111111111111111110011111111010        0    
316          1111111111111111111111111111111111111111111111111110011011111010        0    
317          1111111111111111111111111111111111111111111111111110011011110110        0    
318          1111111111111111111111111111111111111111111111111110111011110110        0    
319          1111111111111111111111111111111111111111111111111110111011110110        0    
320          1111111111111111111111111111111111111111111111111110111011110110        0    
321          1111111111111111111111111111111111111111111111111111011011110110        0    
322          1111111111111111111111111111111111111111111111111111011111110110        0    
323          1111111111111111111111111111111111111111111111111111011111110010        0    
324          1111111111111111111111111111111111111111111111111111111111110010        0    
325          1111111111111111111111111111111111111111111111111111111111110010        0    
326          1111111111111111111111111111111111111111111111111111111111110010        0    
327          1111111111111111111111111111111111111111111111111110011111110010        0    
328          1111111111111111111111111111111111111111111111111110011011110010        0    
329          1111111111111111111111111111111111111111111111111110011110110010        0    
330          1111111111111111111111111111111111111111111111111110011110110010        0    
331          1111111111111111111111111111111111111111111111111110011100110010        0    
332          1111111111111111111111111111111111111111111111111110011101110010        0    
333          1111111111111111111111111111111111111111111111111110011101110010        0    
334          1111111111111111111111111111111111111111111111111110011111110010        0    
335          1111111111111111111111111111111111111111111111111110011110110010        0    
336          1111111111111111111111111111111111111111111111111110011110110010        0    
337          1111111111111111111111111111111111111111111111111110011110110010        0    
338          1111111111111111111111111111111111111111111111111110011110011110        0    
339          1111111111111111111111111111111111111111111111111111111110011110        0    
340          1111111111111111111111111111111111111111111111111111111110011110        0    
341          1111111111111111111111111111111111111111111111111111111110011110        0    
342          1111111111111111111111111111111111111111111111111111011110011110        0    
343          1111111111111111111111111111111111111111111111111111011110011110        0    
344          1111111111111111111111111111111111111111111111111111011110011010        0    
345          1111111111111111111111111111111111111111111111111110111110011010        0    
346          1111111111111111111111111111111111111111111111111110111110011010        0    
347          1111111111111111111111111111111111111111111111111110111110011010        0    
348          1111111111111111111111111111111111111111111111111110011110011010        0    
349          1111111111111111111111111111111111111111111111111110011110011010        0    
350          1111111111111111111111111111111111111111111111111110011110010110        0    
351          1111111111111111111111111111111111111111111111111111111110010110        0    
352          1111111111111111111111111111111111111111111111111111111110010110        0    
353          1111111111111111111111111111111111111111111111111111111110010110        0    
354          1111111111111111111111111111111111111111111111111111011110010110        0    
355          1111111111111111111111111111111111111111111111111111011110010110        0    
356          1111111111111111111111111111111111111111111111111111011110010010        1    
357          1111111111111111111111111111111111111111111001011111011110010010        0    
358          1111111111111111111111111111111111111111111001011110111110010010        0    
359          1111111111111111111111111111111111111111110001011110111110010010        0    
360          1111111111111111111111111111111111111111110001011111111110010010        0    
361          1111111111111111111111111111111111111111110001011111011110010010        0    
362          1111111111111111111111111111111111111111111001011111011110010010        0    
363          1111111111111111111111111111111111111111111001011110011110011110        0    
364          1111111111111111111111111111111111111111111001011101111110011110        0    
365          1111111111111111111111111111111111111111110001011101111110011110        0    
366          1111111111111111111111111111111111111111110001011111111110011110        0    
367          1111110100001111111011110011110         0    
368          1111110100001111111011110011110         0    
369          1111111100001111111011110011010         0    
370          1111111100001111111011110011010         0    
371          1111111100001111111111110011010         0    
372          1011011100001111111111110011010         0    
373          1101011100001111111111110011010         1    
374          1101011100001111111111110011010         1    
375          1111111111111111111111111111111111111111110001111111111110011010        0    
376          1111111111111111111111111111111111111111110001111111111110011010        0    
377          1111111111111111111111111111111111111111110001111111111110010110        0    
378          1111111111111111111111111111111111111111110001111110111110010110        0    
379          1111111111111111111111111111111111111111110001111110111110010110        0    
380          1111111111111111111111111111111111111111110001111110111110010110        0    
381          1111111111111111111111111111111111111111110001111110111110010110        0    
382          1111111111111111111111111111111111111111110001111101111110010110        0    
383          1111111111111111111111111111111111111111110010011101111110010110        0    
384          1111111111111111111111111111111111111111111010011101111110010110        0    
385          1111111111111111111111111111111111111111111010011101111110010010        0    
386          1111111111111111111111111111111111111111111010011100111110010010        4    
387          1111111111111111111111111111111111111111111111111101011110010010        0    
388          1111111111111111111111111111111111111111111111111101011110010010        0    
389          1111111111111111111111111111111111111111111111111101011111010010        0    
390          1111111111111111111111111111111111111111111111111101011101010010        0    
391          1111111111111111111111111111111111111111111111111101111101010010        0    
392          1111111111111111111111111111111111111111111111111101111101010010        0    
393          1111111111111111111111111111111111111111111111111101111100010010        0    
394          1111111111111111111111111111111111111111111111111101111110010011        0    
395          1111111111111111111111111111111111111111111111111110011110010011        1    
396          1111111111111111111111111111111111111111111010011110011110010011        0    
397          1111111111111111111111111111111111111111110010011110011110010011        0    
398          1111111111111111111111111111111111111111110010010111011110010011        0    
399          1111111111111111111111111111111111111111110010010111011011010011        0    
400          1111111111111111111111111111111111111111110010010110011011010011        0    
401          1111111111111111111111111111111111111111110010010110111011010011        0    
402          1111111111111111111111111111111111111111110010010111111011010011        0    
403          1111111111111111111111111111111111111111111010010111111011010011        0    
404          1111111111111111111111111111111111111111111010010111111011010111        0    
405          1111111111111111111111111111111111001001111010110111111011010111        0    
406          1111111111111111111111111111111111001001111010110111111111010111        0    
407          1111111111111111111111111111111111001001111010110111111111010111        0    
408          1111111111111111111111111111111111001001110010110111111111010111        0    
409          1111111111111111111111111111111111001001110010110111111111010111        0    
410          1111111111111111111111111111111111001001110010110111111111010111        0    
411          1111111111111111111111111111111111001001110010110111111011010111        0    
412          1111111111111111111111111111111111001001110010110111111011010111        0    
413          1111111111111111111111111111111111001001101010110111111011010111        3    
414          1111111111111111111111111111111111001001101010110111111111010111        3    
415          1111111111111111111111111111111111001001111010110111111111010111        0    
416          1111111111111111111111111111111111001001111010110111111111011011        0    
417          1111111111111111111111111111111111001001111010110110111111011011        0    
418          1111111111111111111111111111111111001001111010110110111111011011        0    
419          1111111111111111111111111111111111001001111010110111111111011011        1    
420          1111111111111111111111111111111111111111111010110111111111011011        0    
421          1111111111111111111111111111111111111111110010110111111111011011        0    
422          1111111111111111111111111111111111111111110010110110111111011011        0    
423          1111111111111111111111111111111111111111110010110110111111011011        0    
424          1111111111111111111111111111111111111111110010110111111111011011        0    
425          1111111111111111111111111111111111111111110010110111011111011011        0    
426          1111111111111111111111111111111111111111110010110111011111011011        0    
427          1111111111111111111111111111111111111111111010110111011111011011        0    
428          1111111111111111111111111111111111111111111010110111011111011111        0    
429          1111111111111111111111111111111111111111111010110111011111011111        0    
430          1111111111111111111111111111111111111111111010110111111111011111        0    
431          1111111111111111111111111111111111111111111010110111111111011111        0    
432          1111111111111111111111111111111111111111110010110111111111011111        0    
433          1111111111111111111111111111111111111111110010110111111110011111        0    
434          1111111111111111111111111111111111111111110010111111111110011111        0    
435          1111111111111111111111111111111111111111110010111111011110011111        0    
436          1111111111111111111111111111111111111111110010111110011110011111        0    
437          1111111111111111111111111111111111111111111010111110011110011111        0    
438          1111111111111111111111111111111111111111111010111110011101011111        0    
439          1111111111111111111111111111111111111111111010111101011101011111        0    
440          1111111111111111111111111111111111111111111010111100011101011111        0    
441          1111111111111111111111111111111111111111111010101100011101011111        0    
442          1111111111111111111111111111111111111111111010101011011101011111        0    
443          1111111111111111111111111111111111111111111010101011011100011111        0    
444          1111111111111111111111111111111111111111111010101010011100011111        0    
445          1111111111111111111111111111111111111111111010101001011100011111        0    
446          1111111111111111111111111111111111111111111010011001011100011111        0    
447          1111111111111111111111111111111111111111111010011001011100011111        0    
448          1111111111111111111111111111111111111111111010011000011100011111        0    
449          1111111111111111111111111111111111111111111010011000011100011111        0    
450          1111111111111111111111111111111111111111111010011111011100011111        0    
451          1111111111111111111111111111111111111111111010001110011100011111        0    
452          1111111111111111111111111111111111111111111010001110011100011111        0    
453          1111111111111111111111111111111111111111111010001101011100011111        0    
454          1111111111111111111111111111111111111111111010001101011100010011        0    
455          1111111111111111111111111111111111111111111010001100011100010011        3    
456          1011111011010001100011100010011         0    
457          1011111011010001100111100010011         0    
458          1011111011010001101111100010011         0    
459          1011111010010001101111100010011         0    
460          1011111010010001110111100010011         0    
461          1011111110010001110111100010011         2    
462          1011111110010001111111100010011         2    
463          1011111110010001111011100010011         2    
464          1011111110010001001011100010011         2    
465          1011111111010001001011100010011         2    
466          1011111011010001001011101010011         2    
467          1011111011010001011011101010011         1    
468          1111111111111111111111111111111111111111111010001011011101010011        0    
469          1111111111111111111111111111111111111111111010001011111101010011        0    
470          1111111111111111111111111111111111111111111010001001111101010011        0    
471          1111111111111111111111111111111111111111110010001001111101010011        1    
472          1111111111111111111111111111111111111111110010001001111110010011        1    
473          1111111111111111111111111111111111111111110010001111111110010011        1    
474          1111111111111111111111111111111111111111110010001111011110010011        1    
475          1111111111111111111111111111111111111111110010001110011110010011        1    
476          1111111111111111111111111111111111111111111010001110011110010011        1    
477          1111111111111111111111111111111111111111111010001110011111010011        2    
478          1111111111111111111111111111111111111111111010001111011111010011        2    
479          1111111101010101111011111010011         0    
480          1111111101010101111011111010011         0    
481          1111111101001111111011111010011         0    
482          1111011101001111111011011010011         0    
483          1111011101001111111011011010111         0    
484          1111011101001111111011011010111         0    
485          1111011101001111111011111010111         3    
486          1111011101001101111011111010111         3    
487          1111111101001101111011111010111         3    
488          1111111101001101111011111010111         3    
489          1111111111111111111111111111111111011111101001101111011111010111        3    
490          1111111111111111111111111111111111011111101001101111011011010111        3    
491          1111111111111111111111111111111111011111101001111111011011010111        3    
492          1111111111111111111111111111111111101011101001111111011011010111        3    
493          1111111111111111111111111111111111101011101001111111011111010111        3    
494          1111111111111111111111111111111111111011101001111111011111011011        3    
495          1111111111111111111111111111111111111011101001111111011111011011        3    
496          1111111111111111111111111111111111111011101001111111111111011011        3    
497          1111111111111111111111111111111111111011101001111111111011011011        3    
498          1111111111111111111111111111111111111011110001111111111011011011        3    
499          1111111111111111111111111111111111111011110001111111111011011011        3    
500          1111111111111111111111111111111111101011110001111111111011011011        3    
501          1111111111111111111111111111111111101011110001111111111111011011        3    
502          1111111111111111111111111111111111101011110001111111111111011011        3    
503          1111111111111111111111111111111111101011110001111111111111011011        3    
504          1111111111111111111111111111111111101011111001111111111111011011        3    
505          1111111111111111111111111111111111111011111001111111111100011011        3    
506          1111111111111111111111111111111111111011111001011111111100011011        0    
507          1111111111111111111111111111111111111011111001011111111100011010        0    
508          1111111111111111111111111111111111111011111001011111111100011010        0    
509          1111111111111111111111111111111111111011110001011111111100011010        0    
510          1111111111111111111111111111111111111110010001011111111101011010        0    
511          1111111111111111111111111111111111111110010001011111111101011010        0    
512          1111111111111111111111111111111111111110011001101111111101011010        0    
513          1111111111111111111111111111111111111110111001101111111110011010        0    
514          1111111111111111111111111111111111111110111001111011111110011010        0    
515          1111111111111111111111111111111111111111111111111011111110011110        0    
516          1111111111111111111111111111111111111111111111101011111110011110        0    
517          1111111111111111111111111111111111111111111111101011111110011110        0    
518          1111111111111111111111111111111111111111111111101011111110011110        0    
519          1111111111111111111111111111111111111111111111101100111110011110        0    
520          1111111111111111111111111111111111111111111111101100111110011110        0    
521          1111111111111111111111111111111111111111111111101100111110110010        0    
522          1111111111111111111111111111111111111111111111101100111110110010        0    
523          1111111111111111111111111111111111111111111111101100111111110010        0    
524          1111111111111111111111111111111111111111111111101101111111110010        0    
525          1111111111111111111111111111111111111111111111101101111101110010        0    
526          1111111111111111111111111111111111111111111111101101111100110010        3    
527          1111111111111111111111111111111111101111110010001101111100110010        0    
528          1111111111111111111111111111111111101111110010001101111100110010        0    
529          1111111111111111111111111111111111101111110010001101111100110010        0    
530          1111111111111111111111111111111111101110110010001101111011110010        0    
531          1111111111111111111111111111111111101110110010001111111011110010        0    
532          1111111111111111111111111111111111101110011010001111111011110010        0    
533          1111110011010001110111011110010         0    
534          1111110010001111110111011110010         0    
535          1101110010001111111111011110110         4    
536          1111111111111111111111111111111111111111111111111111111011110110        0    
537          1111111111111111111111111111111111111111111111101111111011110110        0    
538          1111111111111111111111111111111111111111111111101111011111110110        0    
539          1111111111111111111111111111111111111111111111111111011111110110        0    
540          1111111111111111111111111111111111111111111111111111011111110110        0    
541          1111111111111111111111111111111111111111111111111111011111111010        0    
542          1111111111111111111111111111111111111111111111101111011111111010        0    
543          1111111111111111111111111111111111111111111111101111011111111010        1    
544          1111111111111111111111111111111111111111111111101111011010111010        1    
545          1111111111111111111111111111111111111111110001001111011010111010        0    
546          1111111111111111111111111111111111111111110000111111011010111010        0    
547          1111111111111111111111111111111111111111110000111110011011111010        0    
548          1111111111111111111111111111111111111111110000101110011011111010        0    
549          1111111111111111111111111111111111111111110000101111011010111010        0    
550          1111111111111111111111111111111111111111110000011111011010111010        0    
551          1111111111111111111111111111111111111111111000011111011010111010        0    
552          1111111111111111111111111111111111111111111000011110011010110110        0    
553          1111111111111111111111111111111111111111111111111101111010110110        0    
554          1111111111111111111111111111111111111111111111111101111010110110        0    
555          1111111111111111111111111111111111111111111111111101111010110110        0    
556          1111111111111111111111111111111111111111111111111101111000110110        0    
557          1111111111111111111111111111111111111111111111111101011000110110        0    
558          1111111111111111111111111111111111111111111111111101011000110010        0    
559          1111111111111111111111111111111111111111111111111101011110110010        0    
560          1111111111111111111111111111111111111111111111111100111110110010        0    
561          1111111111111111111111111111111111111111111111111100111110110010        0    
562          1111111111111111111111111111111111111111111111111100111100110010        0    
563          1111111111111111111111111111111111111111111111111100011100110010        0    
564          1111111111111111111111111111111111111111111111111100011100110010        0    
565          1111111111111111111111111111111111111111111111111100010111110010        0    
566          1111111111111111111111111111111111111111111111111100010111110010        0    
567          1111111111111111111111111111111111111111111111111011110111110010        0    
568          1111111111111111111111111111111111111111111111111011110111110010        0    
569          1111111111111111111111111111111111111111111111111011110110110010        0    
570          1111111111111111111111111111111111111111111000011011110110110010        0    
571          1111111111111111111111111111111111111111110000101011110110110010        0    
572          1111111111111111111111111111111111111111110000101011110111110010        0    
573          1111111111111111111111111111111111111111110000101111110111110010        0    
574          1111111111111111111111111111111111111111110000111111110111110010        0    
575          1111111111111111111111111111111111111111111000111111110111110010        0    
576          1111111111111111111111111111111111111111111000111111110111110010        0    
577          1111111111111111111111111111111111111111111001001111110111110010        0    
578          1111111111111111111111111111111111111111110001001111110111110010        0    
579          1111111111111111111111111111111111111111110001001111110111110110        0    
580          1111111111111111111111111111111111111111110001001111110111110110        2    
581          1111111111111111111111111111111111101111010001111111110111110110        0    
582          1111111111111111111111111111111111101111001001111111110111110110        0    
583          1111111111111111111111111111111111101111101001111111110111110110        0    
584          1111111111111111111111111111111111101111101001111111110101110110        0    
585          1111111111111111111111111111111111101011101001101111110101110110        0    
586          1111111111111111111111111111111111101011001001101111110101111010        0    
587          1111111111111111111111111111111111101011001001101111110111111010        0    
588          1111111111111111111111111111111111101011001001111111110111111010        0    
589          1111111111111111111111111111111111111111001001111111110110111010        0    
590          1111111111111111111111111111111111111111001001111111111100111010        0    
591          1111111111111111111111111111111111111111001010101111111100111010        0    
592          1111111111111111111111111111111111111011001010101111111100111010        0    
593          1111111111111111111111111111111111101011001010101111111011111010        1    
594          1111111111111111111111111111111111101011001010101111111011111010        1    
595          1111111111111111111111111111111111111111111010001101011011111010        0    
596          1111111111111111111111111111111111111111110010001101011011111010        0    
597          1111111111111111111111111111111111111111110010001101011010111010        0    
598          1111111111111111111111111111111111111111110010001100011010111010        0    
599          1111111111111111111111111111111111111111111010001100111010111010        0    
600          1111111111111111111111111111111111111111111010001100111010110110        0    
601          1111111111111111111111111111111111111111111010001111111010110110        0    
602          1111111111111111111111111111111111111111111010001111011010110110        0    
603          1111111111111111111111111111111111111111110010001111011010110110        0    
604          1111111111111111111111111111111111111111110010001111011010110110        0    
605          1111111111111111111111111111111111111111110010001111111010110110        0    
606          1111111111111111111111111111111111111111111010001111111010110110        0    
607          1111111111111111111111111111111111111111111010001111111010110010        0    
608          1111111111111111111111111111111111111111111010001101111010110010        0    
609          1111111111111111111111111111111111111111111010001111011010110010        4    
610          1111111111111111111111111111111111111111111111101111011010110010        0    
611          1111111111111111111111111111111111111111111111101111011010110010        0    
612          1111111111111111111111111111111111111111111111101111011010110010        0    
613          1111111111111111111111111111111111111111111111111111011010110010        0    
614          1111111111111111111111111111111111111111111111111111011010011110        0    
615          1111111111111111111111111111111111111111111111101111010110011110        0    
616          1111111111111111111111111111111111111111111111101111010110011110        0    
617          1111111111111111111111111111111111111111111111111111010110011110        0    
618          1111111111111111111111111111111111111111111111111111010110011110        0    
619          1111111111111111111111111111111111111111111111111111010110011010        0    
620          1111111111111111111111111111111111111111111111111101110010011010        0    
621          1111111111111111111111111111111111111111111111111101110010011010        0    
622          1111111111111111111111111111111111111111111111111101110010011010        0    
623          1111111111111111111111111111111111111111111111111101110010011010        0    
624          1111111111111111111111111111111111111111111111111101010010011010        0    
625          1111111111111111111111111111111111111111111111111101010010010110        0    
626          1111111111111111111111111111111111111111111111111101111110010110        0    
627          1111111111111111111111111111111111111111111111111101111110010110        0    
628          1111111111111111111111111111111111111111111111111101011110010110        0    
629          1111111111111111111111111111111111111111111111111101011110010110        0    
630          1111111111111111111111111111111111111111111111111101011110010010        0    
631          1111111111111111111111111111111111111111111111111011111010010010        0    
632          1111111111111111111111111111111111111111111111111011111010010010        0    
633          1111111111111111111111111111111111111111111111111011111011010010        0    
634          1111111111111111111111111111111111111111111111111011111001010010        0    
635          1111111111111111111111111111111111111111111111101011111001010010        0    
636          1111111111111111111111111111111111111111111111101011111000010010        0    
637          1111111111111111111111111111111111111111111111111011110110010010        0    
638          1111111111111111111111111111111111111111111111111011101111010010        0    
639          1111111111111111111111111111111111111111111111101011101111010010        0    
640          1111111111111111111111111111111111111111111111101011101111010010        0    
641          1111111111111111111111111111111111111111111111101011101110010010        0    
642          1111111111111111111111111111111111111111111111111011101110010010        3    
643          1111111111111111111111111111111111111101011000011011101110010010        0    
644          1111111111111111111111111111111111111111111000011011101111010010        0    
645          1111111111111111111111111111111111111111111000011011101111010010        0    
646          1111111111111111111111111111111111111011111000011011001111010010        0    
647          1111111111111111111111111111111111111011011000011011001110010010        0    
648          1111111111111111111111111111111111111011011000011011001110010011        0    
649          1111111111111111111111111111111111111011011000011011101110010011        0    
650          1111111111111111111111111111111111111011011000011110101110010011        0    
651          1111111111111111111111111111111111110111011000011110101110010011        0    
652          1111111111111111111111111111111111110111011000011111101110010011        0    
653          1111111111111111111111111111111111110111111000011111101011010011        0    
654          1111111111111111111111111111111111110111111000011110101011010011        0    
655          1111111111111111111111111111111111110111111000011110001011010011        0    
656          1111111111111111111111111111111111110111111000011111001011010011        0    
657          1111111111111111111111111111111111110011111000011111001011010011        0    
658          1111111111111111111111111111111111110011011000011010001011010111        2    
659          1111111111111111111111111111111111110011001000111010001011010111        0    
660          1111111111111111111111111111111111110011001000111010001111010111        0    
661          1111111111111111111111111111111111110011001000111001101111010111        0    
662          1111111111111111111111111111111111110011001000111001101111010111        0    
663          1111111111111111111111111111111111101111001000111001101111010111        0    
664          1111111111111111111111111111111111101101101000111001101111010111        0    
665          1111111111111111111111111111111111101101101000111001101011010111        0    
666          1111111111111111111111111111111111101101101000111001101011010111        0    
667          1111111111111111111111111111111111101101101000111001001011010111        0    
668          1111111111111111111111111111111111101101110000111001001111010111        1    
669          1111111111111111111111111111111111111111110000011001001111010111        0    
670          1111111111111111111111111111111111111111110000011001001111011011        0    
671          1111111111111111111111111111111111111111110000011111001111011011        0    
672          1111111111111111111111111111111111111111110000011110101111011011        0    
673          1111111111111111111111111111111111111111111000011110101111011011        0    
674          1111111111111111111111111111111111111111111000011101101111011011        0    
675          1111111111111111111111111111111111111111111000011101101111011011        0    
676          1111111111111111111111111111111111111111111000011100101111011011        0    
677          1111111111111111111111111111111111111111111000011011001111011011        0    
678          1111111111111111111111111111111111111111110000011011001111011011        0    
679          1111111111111111111111111111111111111111110000011010001111011011        0    
680          1111111111111111111111111111111111111111110000011010001111011111        0    
681          1111111111111111111111111111111111111111110000011001001111011111        4    
682          1111111111111111111111111111111111111111111111111001001111011111        0    
683          1111111111111111111111111111111111111111111111101001001111011111        0    
684          1111111111111111111111111111111111111111111111101001001011011111        0    
685          1111111111111111111111111111111111111111111111101001001011011111        0    
686          1111111111111111111111111111111111111111111111101001001011011111        0    
687          1111111111111111111111111111111111111111111111101001001011011111        0    
688          1111111111111111111111111111111111111111111111101001001111011111        0    
689          1111111111111111111111111111111111111111111111111001001111011111        0    
690          1111111111111111111111111111111111111111111111111001001111011111        0    
691          1111111111111111111111111111111111111111111111111001001111011111        0    
692          1111111111111111111111111111111111111111111111111001001011011111        0    
693          1111111111111111111111111111111111111111111111111001001011110011        0    
694          1111111111111111111111111111111111101111110000111001001011110011        0    
695          1111111111111111111111111111111111101111110001001001001011110011        0    
696          1111111111111111111111111111111111101111110001001010001011110011        0    
697          1111111111111111111111111111111111101111111001001010001011110011        0    
698          1111111111111111111111111111111111101101111001001011001011110011        0    
699          1111111111111111111111111111111111101101111001001100001011110011        0    
700          1111111111111111111111111111111111101101111001011100001011110011        2    
701          1111111111111111111111111111111111101101111001011101001011110011        2    
702          1111111111111111111111111111111111101111100001111101001011110011        0    
703          1111111111111111111111111111111111101111000001111101001011110111        0    
704          1111111111111111111111111111111111101111000001111101001111110111        0    
705          1111111111111111111111111111111111101111000001111101001111110111        0    
706          1111111111111111111111111111111111101111000001111101101111110111        0    
707          1111111111111111111111111111111111101111001001111101101011110111        0    
708          1111111111111111111111111111111111101110101001111101101011110111        0    
709          1111111111111111111111111111111111101110101001111101101011110111        0    
710          1111111111111111111111111111111111101110101001111101001111110111        0    
711          1111111111111111111111111111111111101110110001111101001111110111        0    
712          1111111111111111111111111111111111101110110001111101001111110111        0    
713          1111111111111111111111111111111111101110010001111101001111111011        0    
714          1111111111111111111111111111111111101110010001111101011011111011        0    
715          1111111111111111111111111111111111101110010001111101111011111011        0    
716          1111111111111111111111111111111111101110011001111101111011111011        0    
717          1111111111111111111111111111111111101110011001111101111111111011        0    
718          1111111111111111111111111111111111101111111001111101111100111011        0    
719          1111111111111111111111111111111111101111111001111101111110111011        0    
720          1111111111111111111111111111111111101111111001111111011110111011        0    
721          1111111111111111111111111111111111101111111001111111011100111011        0    
722          1111111111111111111111111111111111101111100001111111011100111011        0    
723          1111111111111111111111111111111111101111100001111111011110111011        0    
724          1111111111111111111111111111111111111111100001111111011111111011        0    
725          1111111111111111111111111111111111111111100001111111011101111011        0    
726          1111111111111111111111111111111111111111100001111111111101111011        0    
727          1111111111111111111111111111111111111111100001111111111111111011        0    
728          1111111111111111111111111111111111111011100001111111111111111011        0    
729          1111111111111111111111111111111111111011100001111111101101111011        0    
730          111011100001111111101110111011          0    
731          111011100001111111101110111011          0    
732          111011100001111111101110111011          0    
733          111011100001111111101110111011          0    
734          111111100001111111101110111011          0    
735          111111100001111111101111111011          0    
736          111111100001111111101111111011          0    
737          111111100001111111101111111011          0    
738          111111100001111111101111111011          0    
739          111011100001111111101111111011          0    
740          111011100011110111111010111011          0    
741          111011100011110111111100111011          0    
742          111011100011110111111100111011          0    
743          111011100011110111111110111011          0    
744          111011100011110111111110111011          0    
745          111111100011110111110000111011          0    
746          111111100011110111110001111011          0    
747          111111100011110111110011111011          0    
748          111111100011111101110011111011          0    
749          111111100011111101110101111011          0    
750          1111011100011111101110101111011         0    
751          1111011100011111101110111111011         0    
752          1001011100011111101110110111011         0    
753          1001011100011101101110110111011         0    
754          1001011100011101101111010111011         0    
755          1001011100011111101111010111011         1    
756          1111111111111111111111111111111111111111110011011101111010111011        0    
757          1111111111111111111111111111111111111111110011011100111010111011        0    
758          1111111111111111111111111111111111111111110011011100111010110111        0    
759          1111111111111111111111111111111111111111110011011011111010110111        0    
760          1111111111111111111111111111111111111111110011010111111010110111        0    
761          1111111111111111111111111111111111111111110011010111111010110111        0    
762          1111111111111111111111111111111111111111110011010111111010110111        0    
763          1111111111111111111111111111111111111111111111110111111010110111        0    
764          1111111111111111111111111111111111111111111111110111110110110111        0    
765          1111111111111111111111111111111111111111111111110111110110110111        0    
766          1111111111111111111111111111111111111111111111110111110110110111        0    
767          1111111111111111111111111111111111111111111111110111110010110111        0    
768          1111111111111111111111111111111111111111111111110111110010110011        0    
769          1111111111111111111111111111111111111111111111110111110010110011        0    
770          1111111111111111111111111111111111111111111111110111111110110011        0    
771          1111111111111111111111111111111111111111111111110111111110110011        0    
772          1111111111111111111111111111111111111111111111110111111110110011        0    
773          1111111111111111111111111111111111111111111111110111111110110011        0    
774          1111111111111111111111111111111111111111111111110111111010110011        0    
775          1111111111111111111111111111111111111111111111110111111010110011        0    
776          1111111111111111111111111111111111111111111111110111111010110011        0    
777          1111111111111111111111111111111111111111111111110111111010011111        0    
778          1111111111111111111111111111111111111111111111110111110110011111        0    
779          1111111111111111111111111111111111111111111111100111110110011111        0    
780          1111111111111111111111111111111111111111111111100111110110011111        0    
781          1111111111111111111111111111111111111111111111100111110010011111        0    
782          1111111111111111111111111111111111111111111111100111110010011111        3    
783          1111111111111111111111111111111111111111111111100111110010011111        3    
784          1011111011011100111110010011111         0    
785          1011111011011110111110010011111         0    
786          1011111011011110110110010011111         0    
787          1011111010011110110110010011111         0    
788          1011111010011110111110010011111         0    
789          1011110110011110111110010011011         2    
790          1011110110011110110110010011011         2    
791          1011110110011110110110010011011         2    
792          1011110110011110111110010011011         2    
793          1011110110011110111110010011011         0    
794          1011110101011110111110010011011         0    
795          1011110101011110111110010011011         0    
796          1011110001011110111110010011011         0    
797          1011110001011110111110110011011         0    
798          1011110001011110111110110011011         0    
799          1011110000011110111110110011011         0    
800          1011110000011110111111010011011         0    
801          1111110000011110111111010010111         0    
802          1111110000011110111111010010111         0    
803          1111110000011110111111110010111         0    
804          1111010000011110111111110010111         1    
805          1111010000011110111111110010111         1    
806          1111111111111111111111111111111111111111110011110111111110010111        0    
807          1111111111111111111111111111111111111111110011111100111110010111        0    
808          1111111111111111111111111111111111111111110011111011111110010111        3    
809          1111110010011111011111110010111         0    
810          1111111111111111111111111111111111011110010011111100111110010011        0    
811          1111111111111111111111111111111111011110010011111100111110010011        0    
812          1111111111111111111111111111111111011110010011111101111110010011        0    
813          1111111111111111111111111111111111011110010011111110111110010011        0    
814          1111111111111111111111111111111111101010010011111110111110010011        1    
815          1111111111111111111111111111111111100111110011111110111111010011        1    
816          1111111111111111111111111111111111100111110011111111111111010011        1    
817          1111111111111111111111111111111111111111110011111111111111010011        0    
818          1111111111111111111111111111111111111111110011101111111111010011        0    
819          1111111111111111111111111111111111111111110011101110111111010011        0    
820          1111111111111111111111111111111111111111111011101101111111010011        0    
821          1111111111111111111111111111111111111111111011101101111110010011        0    
822          1111111111111111111111111111111111111111111011101100111110010011        0    
823          1111111111111111111111111111111111111111111011011100111110010011        0    
824          1111111111111111111111111111111111111111111011011011111110010011        0    
825          1111111111111111111111111111111111111111110011011011111110010011        3    
826          1111111111111111111111111111111111111111110011011010111110010011        3    
827          1111111111111111111111111111111111100111110011011010111110010011        0    
828          1111111111111111111111111111111111100111110011011010111111010011        0    
829          1111111111111111111111111111111111100111110011011011111111010011        0    
830          1111111111111111111111111111111111100111110011011011111111010011        0    
831          1111111111111111111111111111111111100111110011011100111111010011        0    
832          1111111111111111111111111111111111100111111011011100111111010011        0    
833          1111111111111111111111111111111111100111111011011101111111010011        0    
834          1111111111111111111111111111111111100111111011011101111111010011        0    
835          1111111111111111111111111111111111100111111011010111111111010011        0    
836          1111111111111111111111111111111111100111111011010111111111010011        0    
837          1111111111111111111111111111111111100111110011010111111111010011        0    
838          1111111111111111111111111111111111100111110011011111111111010011        0    
839          1111111111111111111111111111111111100101110011011111111111011111        0    
840          1111111111111111111111111111111111100101110011011111111111011111        2    
841          1111111111111111111111111111111111100101110011011111111111011111        2    
842          1111111111111111111111111111111111100101111011011111111111011111        2    
843          1111111111111111111111111111111111100101111011011111111111011111        2    
844          1111111111111111111111111111111111100101011011011111111111011111        2    
845          1111111111111111111111111111111111100101011011011110111111011111        2    
846          1111111111111111111111111111111111100101011011011111111111011111        2    
847          1111111111111111111111111111111111100101010011011111111111011111        2    
848          1111111111111111111111111111111111100101110011011110111111011011        2    
849          1111111111111111111111111111111111100101110011111110111111011011        0    
850          1111111111111111111111111111111111100101110011111110111111011011        0    
851          1111111111111111111111111111111111100101110011111110110101011011        0    
852          1111111111111111111111111111111111100101110011111110110111011011        0    
853          1111111111111111111111111111111111100101101011111110110111011011        0    
854          1111111111111111111111111111111111110101101011111110110111011011        0    
855          1111111111111111111111111111111111110101101011111110110101011011        0    
856          1111111111111111111111111111111111110101101011101110110101011011        0    
857          1111111111111111111111111111111111110101101011101110110111011011        0    
858          1111111111111111111111111111111111110101101011101110111101011011        4    
859          1111111111111111111111111111111111111111111111101110111101011011        0    
860          1111111111111111111111111111111111111111111111101110111101010111        0    
861          1111111111111111111111111111111111111111111111101110110111010111        0    
862          1111111111111111111111111111111111111111111111111110110111010111        0    
863          1111111111111111111111111111111111111111111111111110110101010111        0    
864          1111111111111111111111111111111111111111111111111110110101010111        0    
865          1111111111111111111111111111111111111111111111111110110111010111        0    
866          1111111111111111111111111111111111111111111111111110110111010111        0    
867          1111111111111111111111111111111111111111111111111110110101010111        0    
868          1111111111111111111111111111111111111111111111111110110101010110        0    
869          1111111111111111111111111111111111111111111111111110110101010110        0    
870          1111111111111111111111111111111111111111111111111110111111010010        0    
871          1111111111111111111111111111111111111111111111111111111111010010        0    
872          1111111111111111111111111111111111111111111111111111111111010010        3    
873          1111111111111111111111111111111111111111111111111111111110010010        3    
874          1111111111111111111111111111111111111111111111111111111110010010        3    
875          1111111111111111111111111111111111111111111111111111111110010010        3    
876          1111111111111111111111111111111111111111111111111111111111010010        3    
877          1111111111111111111111111111111111111111111111111110111111010010        3    
878          1111111111111111111111111111111111111111111111111110111111010010        3    
879          1111111111111111111111111111111111111111111111111110111000010010        3    
880          1111111111111111111111111111111111111111110011111110111000010010        0    
881          1111111111111111111111111111111111111111111011111110111000010010        0    
882          1111111111111111111111111111111111101111111011111111111000010110        0    
883          1111111111111111111111111111111111101111111011101111111000010110        0    
884          1111111111111111111111111111111111110111111011101111111000010110        0    
885          1111111111111111111111111111111111110111111011111000111000010110        0    
886          1111111111111111111111111111111111110111111011011000111000010110        0    
887          1111111111111111111111111111111111110111111011011000111000010110        0    
888          1111111111111111111111111111111111110111111011011001111001010110        0    
889          1111111111111111111111111111111111110111111011011001111001010110        0    
890          1111111111111111111111111111111111111111111011011001111001010110        0    
891          1111111111111111111111111111111111111111111011011010111010010110        0    
892          1111111111111111111111111111111111111111111011010111111010010110        0    
893          1111111111111111111111111111111111111111110011010111111010010110        0    
894          1111111111111111111111111111111111111111110011010111111011010110        0    
895          1111111111111111111111111111111111111111110011010111111011010110        0    
896          1111111111111111111111111111111111111111111011010111111011010110        2    
897          1111111111111111111111111111111111111001111011010111111011011010        2    
898          1111111111111111111111111111111111111001111010110111111011011010        2    
899          1111111111111111111111111111111111111010010010110111111011011010        2    
900          1111111111111111111111111111111111111010010010110111111011011010        2    
901          1111111111111111111111111111111111111010000010110111111011011010        0    
902          1111111111111111111111111111111111111110000010110111111011011010        0    
903          1111111111111111111111111111111111111110000010110111111011011110        0    
904          1111111111111111111111111111111111111110000010111101111011011110        0    
905          1111111111111111111111111111111111111010000010111101111011011110        0    
906          1111111111111111111111111111111111111010000010111101111110011110        0    
907          1111111111111111111111111111111111111010000010111101111110011110        0    
908          1111111111111111111111111111111111111110000010111101111110011110        0    
909          1111111111111111111111111111111111111110100010111101111111011110        0    
910          1111111111111111111111111111111111111110100010111101111111011110        0    
911          1111111111111111111111111111111111111110101010111101111111011110        1    
912          1111111111111111111111111111111111111111001010111101111000011110        1    
913          1111111111111111111111111111111111111111001010111101111000011110        1    
914          1111111111111111111111111111111111111111010010111101111000011110        1    
915          1111111111111111111111111111111111111111110010111101110111011110        1    
916          1111111111111111111111111111111111111111110010111111110111011110        1    
917          1111111111111111111111111111111111111111111010111111110111011110        1    
918          1111111111111111111111111111111111111110011010111111110110011110        1    
919          1111111111111111111111111111111111111110011011111111110110011110        1    
920          1111111111111111111111111111111111111110100011111111110110011110        1    
921          1111111111111111111111111111111111101110100011111111110111011110        1    
922          1111111111111111111111111111111111101110100011111111110111011110        4    
923          1111111111111111111111111111111111101010100011111111110111011110        4    
924          1111111111111111111111111111111111111010100011111111111101011110        4    
925          1111111111111111111111111111111111111111111111111111111101011110        0    
926          1111111111111111111111111111111111111111111111111111111101011110        0    
927          1111111111111111111111111111111111111111111111111111110111010010        0    
928          1111111111111111111111111111111111111111111111111111110111010010        0    
929          1111111111111111111111111111111111111111111111111111110111010010        0    
930          1111111111111111111111111111111111111111111111111111110101010010        0    
931          1111111111111111111111111111111111111111111111111111110101010010        0    
932          1111111111111111111111111111111111111111111111111111110101010010        3    
933          1111111111111111111111111111111111111111111111111111110111010110        3    
934          1111111111111111111111111111111111111111111111111111110111010110        3    
935          1111111111111111111111111111111111111111111111111111110111010110        3    
936          1111111111111111111111111111111111111111111111111111110101010110        3    
937          1111111111111111111111111111111111111111111111111111110101010110        3    
938          1111111111111111111111111111111111111111111111111111110101010110        3    
939          1111111111111111111111111111111111111111111111111111111111011010        3    
940          1111011111100011111111111011010         1    
