time         game_state
1            1111111111111111111111111111111111111111111111111110011111011110        0    
2            1111111111111111111111111111111111111111111111111110111111011110        0    
3            1111111111111111111111111111111111111111111111111110111111011110        0    
4            1111111111111111111111111111111111111111111111111111011111110010        0    
5            1111111111111111111111111111111111111111111111111111111111110010        0    
6            1111111111111111111111111111111111111111111111111000011110110010        0    
7            1111111111111111111111111111111111111111111111111000111111110010        0    
8            1111111111111111111111111111111111111111111111111000111101110010        0    
9            1111111111111111111111111111111111111111111111111000111111110010        3    
10           1111111111111111111111111111111110110101110011111000111111110010        0    
11           1111111111111111111111111111111110110101111011011001111111011110        0    
12           1111111111111111111111111111111110110101110011011010011110011110        0    
13           1111111111111111111111111111111111111101110011011111111011011110        0    
14           1111111111111111111111111111111111111101110011011111111011011110        0    
15           1111111111111111111111111111111111111101100011111111111011011110        0    
16           1111111111111111111111111111111111111101100011111111011011011010        0    
17           1111111111111111111111111111111111111101100011111111011111011010        0    
18           1111111111111111111111111111111111111101101011111111111111011010        0    
19           1111111111111111111111111111111111111101101011111111111111011010        0    
20           1111111111111111111111111111111111111101110011111111011111010110        0    
21           1111111111111111111111111111111111111101110011111111011011010110        0    
22           111101111011111111011011010110          0    
23           111101111011111111011011010110          3    
24           111101111011111111011011010110          0    
25           111110110011111111011011010010          0    
26           111110110011111110011011010010          0    
27           111110111011111110111110010010          0    
28           111110111011111111111110010010          0    
29           111111011011111111011111010010          0    
30           111111011011111111011111010010          0    
31           110111111011111111111110010010          0    
32           110110010011111110011111010010          4    
33           1111111111111111111111111111111111111111111111111110011111010010        0    
34           1111111111111111111111111111111111111111111111111110111000010010        0    
35           1111111111111111111111111111111111111111111111111110110111010010        0    
36           1111111111111111111111111111111111111111111111111110110110010010        0    
37           1111111111111111111111111111111111111111111111111110110110010010        0    
38           1111111111111111111111111111111111111111111111111110010010010110        0    
39           1111111111111111111111111111111111111111111111111111110010010110        0    
40           1111111111111111111111111111111111111111111111111111011110011010        0    
41           1111111111111111111111111111111111111111111111111111011110011010        0    
42           1111111111111111111111111111111111111111111111111111011110011010        0    
43           1111111111111111111111111111111111111111111111111110111010011110        0    
44           1111111111111111111111111111111111111111111111111110011010011110        0    
45           1111111111111111111111111111111111111111111111111111110110110010        0    
46           1111111111111111111111111111111111111111111111111111010110110010        0    
47           1111111111111111111111111111111111111111111111111111010110110010        0    
48           1111111111111111111111111111111111111111111111111110110010110110        0    
49           1111111111111111111111111111111111111111111010111110110010110110        0    
50           1111111111111111111111111111111111111111111011011110110010110110        0    
51           1111111111111111111111111111111111111111111011011101110010110110        0    
52           1111111111111111111111111111111111111111110011011101110010111010        0    
53           1111111111111111111111111111111111111111110011011100110010111010        0    
54           1111111111111111111111111111111111111111111011111100110011111010        0    
55           1111111111111111111111111111111111111111111011111111110011111010        0    
56           1111001110011111111110110111010         0    
57           1111001110011111111110100111010         0    
58           1111101110100111111110101111010         0    
59           1111101110100111111110111111010         1    
60           1111111111111111111111111111111111111111111100011111110111110110        0    
61           1111111111111111111111111111111111111111110100111110110111110110        0    
62           1111111111111111111111111111111111111111110100111101110111110110        0    
63           1111111111111111111111111111111111111111111100111101110111110010        0    
64           1111111111111111111111111111111111111111111100111100110111110010        4    
65           1111111111111111111111111111111111111111111111111100110111110010        0    
66           1111111111111111111111111111111111111111111111111100110101110010        0    
67           1111111111111111111111111111111111111111111111111100110110110010        0    
68           1111111111111111111111111111111111111111111111111100110110110011        0    
69           1111111111111111111111111111111111111111111111111100010111110011        0    
70           1111111111111111111111111111111111111111111101011100010111110011        0    
71           1111111111111111111111111111111111111111111101010111010111110011        0    
72           1111111111111111111111111111111111111111111101010110010111110011        0    
73           1111111111111111111111111111111111111111111101010111111010110011        0    
74           1111111111111111111111111111111111111111111101010111111010110011        2    
75           1111111111111111111111111111111110110101001101110111111010110011        0    
76           1111111111111111111111111111111110110101001101110111111100110011        0    
77           1111111111111111111111111111111110110101001101110111111110110011        0    
78           1111111111111111111111111111111110111101101101110111011110110011        0    
79           1111111111111111111111111111111110111101101101110111011000110011        0    
80           1111111111111111111111111111111110111101101011110111011000110011        0    
81           1111111111111111111111111111111110111101101011110111011010110011        0    
82           1111111111111111111111111111111110111101101011110111111010110011        0    
83           1111111111111111111111111111111110111101101011110111111100110011        3    
84           1111111111111111111111111111111110111101110011110111111100110111        0    
85           1111111111111111111111111111111110111101110011110111011100110111        0    
86           1111111111111111111111111111111110111101110011110111011100110111        0    
87           1111111111111111111111111111111110111101110011110111111100110111        0    
88           1111111111111111111111111111111110111101110011110111111100110111        0    
89           1111111111111111111111111111111110111101110011111111011100110111        0    
90           1111111111111111111111111111111110111100111011111000011100110111        0    
91           1111111111111111111111111111111110111100111011111000111100110111        0    
92           1111111111111111111111111111111110111100111011111001111100110111        0    
93           1111111111111111111111111111111110111100111011111001111100110111        0    
94           1111111111111111111111111111111110111100111011111010111100110111        0    
95           1111111111111111111111111111111110111100111011011010111100110111        0    
96           1111111111111111111111111111111110111100110011011011111100111011        0    
97           1111111111111111111111111111111111111111111111111011111100111011        0    
98           1111111111111111111111111111111111111111111111111011011100111011        0    
99           1111111111111111111111111111111111111111111111111011011010111011        0    
100          1111111111111111111111111111111111111111111111111111111010111011        0    
101          1111111111111111111111111111111111111111111111111111111000111011        0    
102          1111111111111111111111111111111111111111111111111111011000111011        0    
103          1111111111111111111111111111111111111111111111111111011110111011        0    
104          1111111111111111111111111111111111111111111111111111111110111011        0    
105          1111111111111111111111111111111111111111111111111111111100111011        0    
106          1111111111111111111111111111111111111111111111111111011100111011        3    
107          1111111111111111111111111111111111111111111111111111011010111011        3    
108          1111111111111111111111111111111110111101111011011111011010111011        0    
109          1111111111111111111111111111111110111101110011111111011010111111        0    
110          1111111111111111111111111111111110111101110011111110011010111111        0    
111          1111111111111111111111111111111110111101110011111110011010111111        0    
112          1111111111111111111111111111111110111101110011111111011010111111        0    
113          1111111111111111111111111111111110111101110011111111111010111111        0    
114          1111111111111111111111111111111110111101110011111110111010111111        0    
115          1111111111111111111111111111111110111110011011111110111010111111        0    
116          1111111111111111111111111111111110111110011011111111011010111111        0    
117          1111111111111111111111111111111110111110011011111111111010111111        0    
118          1111111111111111111111111111111110111110011011111110011010111111        0    
119          1111111111111111111111111111111110111110110011111110010111111111        0    
120          1111111111111111111111111111111110111110110011111110110111111111        0    
121          1111111111111111111111111111111110111110110011111110110111111111        0    
122          1111111111111111111111111111111110111110110011111110110111111111        0    
123          1111111111111111111111111111111110111110110011111110110111111111        0    
124          1111111111111111111111111111111111111110101011111110110110111111        0    
125          1111111111111111111111111111111111111110101011111110110110111111        0    
126          1111111111111111111111111111111111111110101011111110010110111111        0    
127          1111111111111111111111111111111111111110101011111110011110111111        0    
128          1111111111111111111111111111111111111110101011111111111110111111        0    
129          1111111111111111111111111111111111111110101011111111111110111111        0    
130          1111111111111111111111111111111111111110101011111111011110111111        0    
131          1111111111111111111111111111111111111110100011111111011111111111        0    
132          1111111111111111111111111111111111111110100011111111011101111111        0    
133          1111111111111111111111111111111111111110100011111110111101111111        0    
134          1111111111111111111111111111111111111110100011111110111111111111        0    
135          1111111111111111111111111111111111111110100011111110011111111111        0    
136          1111111111111111111111111111111111111110100011111110010101111111        0    
137          1111111111111111111111111111111111111110100011111110010101111111        0    
138          1111111111111111111111111111111111111111101011111110010100111111        0    
139          1111111111111111111111111111111111111111101011111110010110111111        0    
140          1111111111111111111111111111111111111111101011111110010110111111        0    
141          1111111111111111111111111111111111111111101011111110010100111111        0    
142          1111111111111111111111111111111111111111101011111110110100111111        0    
143          1111111111111111111111111111111111111111101011111110110110111111        0    
144          1111111111111111111111111111111111111111100011111111010111111111        0    
145          1111111111111111111111111111111111111111100011111111011011111111        0    
146          1111111111111111111111111111111111111111100011111111111011111111        0    
147          1111111111111111111111111111111111111111100011111111111011111111        0    
148          1111111111111111111111111111111111111111100011111110011011111111        0    
149          1111111111111111111111111111111111111111100011111110011111111111        0    
150          1111111111111111111111111111111111111111111011111110111110111111        0    
151          1111111111111111111111111111111111111111111011111110111110111111        0    
152          1111111111111111111111111111111111111111011011111110111110111111        0    
153          1111111111111111111111111111111111111111011011111110110010111111        0    
154          1111111111111111111111111111111111111111111011111110110010111111        0    
155          1111111111111111111111111111111111111111110011111110110011111111        0    
156          1111111111111111111111111111111111111111010011111110110011111111        0    
157          1111111111111111111111111111111111111111010011111110110101111111        0    
158          1111111111111111111111111111111111111111010011111111110101111111        0    
159          1111111111111111111111111111111111111111010011111111110111111111        0    
160          1111111111111111111111111111111111111111010011111111110111111111        0    
161          1111111111111111111111111111111111111111001011111111111000111111        0    
162          1111111111111111111111111111111111111111101010111111111000111111        0    
163          1111111111111111111111111111111111111111101010111111111010111111        0    
164          1111111111111111111111111111111111111111001010111111111010111111        0    
165          1111111111111111111111111111111111111111001010111111111100111111        0    
166          1111111111111111111111111111111111111111101010111110111100111111        0    
167          1111111111111111111111111111111111111111100010111110101111111111        0    
168          1111111111111111111111111111111111111111100010111110101111111111        0    
169          1111111111111111111111111111111111111011000010111110101111111111        0    
170          1111111111111111111111111111111111111011000010111110111111111111        0    
171          1111111111111111111111111111111111111011100010111111111111111111        0    
172          1111111111111111111111111111111111111011100010111111111111111111        0    
173          1111111111111111111111111111111111111011100010111111111111111111        0    
174          1111111111111111111111111111111111111010111010111111111110111111        0    
175          1111111111111111111111111111111111111010111010111111111110111111        0    
176          1111111111111111111111111111111111111010111010111110111110111111        0    
177          1111111111111111111111111111111111111010111010111110111110111111        1    
178          1111111111111111111111111111111111111010111011111110111110111111        1    
179          1111111111111111111111111111111111111010111011111110111110111111        1    
180          1111111111111111111111111111111111111111111011011110111110111111        0    
181          1111111111111111111111111111111111111111110011011110111110111111        0    
182          1111111111111111111111111111111111111111110011011111111110111111        0    
183          1111111111111111111111111111111111111111110011111111111110111111        0    
184          1111111111111111111111111111111111111111110011111110111110111111        0    
185          1111111111111111111111111111111111111111110011111110111110111111        0    
186          1111111111111111111111111111111111111111110011111011111110111111        4    
187          1111111111111111111111111111111111111111111111111011111110111010        0    
188          1111111111111111111111111111111111111111111111111011111110111010        0    
189          1111111111111111111111111111111111111111111111111011111110111010        0    
190          1111111111111111111111111111111111111111111111111011111110111010        0    
191          1111111111111111111111111111111111111111111111111011111111111010        0    
192          1111111111111111111111111111111111111111111111111011111111111010        0    
193          1111111111111111111111111111111111111111111111111011110010111010        0    
194          1111111111111111111111111111111111111111111111111011110000111010        2    
195          1111111111111111111111111111111111111111100101111011110001111010        0    
196          1111111111111111111111111111111111111111100101111011110011111010        0    
197          1111111111111111111111111111111111111010100101111011110010111010        0    
198          1111111111111111111111111111111111111010100101111011110110111010        0    
199          1111111111111111111111111111111111001110100101111011110111111010        1    
200          1111111111111111111111111111111111001110100101111011110111111010        1    
201          1111111111111111111111111111111111011010100101111011110110111010        1    
202          1111111111111111111111111111111111011010100101111011111100111010        1    
203          1111111111111111111111111111111111111110100101111011111101111010        1    
204          1111111111111111111111111111111111111110101101111011111101111010        1    
205          1111111111111111111111111111111111111111111111111011111101111010        0    
206          1111111111111111111111111111111111111111111111111011111101111110        0    
207          1111111111111111111111111111111111111111111111111011110111111110        0    
208          1111111111111111111111111111111111111111111111111011110111111110        0    
209          1111111111111111111111111111111111111111111111111011110101111110        1    
210          1111111111111111111111111111111111111111111110011011110101111110        0    
211          1111111111111111111111111111111111111111111110011011110101111110        0    
212          1111111111111111111111111111111111111111111110011011110110111110        0    
213          1111111111111111111111111111111111111111111110011011110110111110        0    
214          1111111111111111111111111111111111111111111110111011110111111110        0    
215          1111111111111111111111111111111111111111111110111011110111111110        0    
216          1111111111111111111111111111111111111111111110111011111100111110        2    
217          1111111111111111111111111111111111111111111110111011111100111110        2    
218          1111111111111111111111111111111111101111111110111011111100111110        0    
219          1111111111111111111111111111111111101111111110111100111101111110        0    
220          1111111111111111111111111111111111101111111110111100111111111110        0    
221          1111111111111111111111111111111111101110111110111100111110111110        0    
222          1111111111111111111111111111111111101110111110111100111010111111        0    
223          1111111111111111111111111111111111111111111110111100111010111111        0    
224          1111111111111111111111111111111111111111111110111111111010111111        0    
225          1111111111111111111111111111111111111111111110111111111011111111        0    
226          1111111111111111111111111111111111111111111110111111111011111111        0    
227          1111111111111111111111111111111111111111111110111101111011111111        0    
228          1111111111111111111111111111111111111111110110111101111011110011        0    
229          1111111111111111111111111111111111111111111111111101111011110011        0    
230          1111111111111111111111111111111111111111111111111101111111110011        0    
231          1111111111111111111111111111111111111111111111111101111111110011        0    
232          1111111111111111111111111111111111111111111111111101111111110011        0    
233          1111111111111111111111111111111111111111111111111101111011110011        0    
234          1111111111111111111111111111111111111111111111111101111011110011        0    
235          1111111111111111111111111111111111111111111111111101111011110111        3    
236          1111111111111111111111111111111111111111111111111101111111110111        3    
237          1111111111111111111111111111111111101111010110011101111111110111        0    
238          1111111111111111111111111111111111101111010110011111111111110111        0    
239          1111111111111111111111111111111111101111010110011111111111110111        0    
240          1111111111111111111111111111111111101111111110011111111111110111        0    
241          1111111111111111111111111111111111101111111110011101111111110111        0    
242          1111111111111111111111111111111111101111111110011101111111110111        0    
243          1111111111111111111111111111111111101111111110011111111111110111        0    
244          1111111111111111111111111111111111101111110110011110111111111011        0    
245          1111111111111111111111111111111111101111110110011111111111111011        1    
246          1111111111111111111111111111111111111111110110011111111111111011        0    
247          1111111111111111111111111111111111111111110110011110111111111011        0    
248          1111111111111111111111111111111111111111110110011111111111111011        4    
249          1111111111111111111111111111111111111111110101111111111110111011        4    
250          1111111111111111111111111111111111111111110101111110111110111011        4    
251          1111111111111111111111111111111111111111111111111110111110111011        0    
252          1111111111111111111111111111111111111111111111111110111100111011        0    
253          1111111111111111111111111111111111111111111111111110111111111011        0    
254          1111111111111111111111111111111111111111111111111110111101111011        0    
255          1111111111111111111111111111111111111111111111111110111111111011        3    
256          1111111111111111111111111111111111111111111111111110111110111011        3    
257          1111111111111111111111111111111111111111111111111110111110111011        3    
258          1111111111111111111111111111111111111111111111111110111110111011        1    
259          1111111111111111111111111111111111111111110101011110111110111011        0    
260          1111111111111111111111111111111111111111111101011101111110110111        0    
261          1111111111111111111111111111111111111111111101011111111110110111        0    
262          1111111111111111111111111111111111111111111101011111111110110111        0    
263          1111111111111111111111111111111111111111111101011101111110110111        0    
264          1111111111111111111111111111111111111011011101111101111110110111        0    
265          1111111111111111111111111111111111111011010101111101111110110111        0    
266          1111111111111111111111111111111111111011010101111101111110110111        0    
267          1111111111111111111111111111111111111011010101111101111110110111        0    
268          1111111111111111111111111111111111111011010101111101111110110111        0    
269          1111111111111111111111111111111111111011001101111101111110110011        0    
270          1111111111111111111111111111111111111011001101111101111110110011        0    
271          1111111111111111111111111111111111111011001101111101111110110011        0    
272          1111111111111111111111111111111111111011000101111101111110110011        0    
273          1111111111111111111111111111111111111011000011110111111110110011        0    
274          1111111111111111111111111111111111111011000011110111111110110011        0    
275          1111111111111111111111111111111111111011000011110111111110110011        0    
276          1111111111111111111111111111111111111011000011110111111110110011        0    
277          1111111111111111111111111111111111111011000011110111111110110011        0    
278          1111111111111111111111111111111111111011111011110111111110111111        0    
279          1111111111111111111111111111111111111011111011110111111110111111        0    
280          1111111111111111111111111111111111111011111011110111111110111111        0    
281          1111111111111111111111111111111111111011111011111101111110111111        0    
282          1111111111111111111111111111111111111011111011111101111110111111        0    
283          1111111111111111111111111111111111111010110011111101111110111111        0    
284          1111111111111111111111111111111111111010110011111101111110111111        3    
285          1111111111111111111111111111111111111010110011111101111110111111        0    
286          1111111111111111111111111111111111111010110011111101111110111111        0    
287          1111111111111111111111111111111111111010110011111110111110111111        0    
288          1111111111111111111111111111111111111010110011011110111110111111        0    
289          1111111111111111111111111111111111111010110011011111111110111111        0    
290          1111111111111111111111111111111111111010111011011111111110111011        0    
291          1111111111111111111111111111111111111010111011011000111110111011        0    
292          1111111111111111111111111111111111111111111011011000111110111011        0    
293          1111111111111111111111111111111111111111111011011111111110111011        0    
294          1111111111111111111111111111111111111111111011010111111110111011        0    
295          1111111111111111111111111111111111111111111011010111111110111011        0    
296          1111111111111111111111111111111111111111111011010111111110111011        0    
297          1111111111111111111111111111111111111111110011010111111110111011        0    
298          1111111111111111111111111111111111111111110011010110111110111011        0    
299          1111111111111111111111111111111111111111110011010111111110111011        0    
300          1111111111111111111111111111111111111111110011010111111110111011        0    
301          1111111111111111111111111111111111111111111111110111111110111011        0    
302          1111111111111111111111111111111111111111111111110111111110111011        0    
303          1111111111111111111111111111111111111111111111110111111110111011        0    
304          1111111111111111111111111111111111111111111111110111111110110111        0    
305          1111111111111111111111111111111111111111111111110111111110110111        0    
306          1111111111111111111111111111111111111111111111110111111110110111        0    
307          1111111111111111111111111111111111111111111111110111111110110111        0    
308          1111111111111111111111111111111111111111111111110111111110110111        0    
309          1111111111111111111111111111111111111111111111110111111110110111        0    
310          1111111111111111111111111111111111111111111111110111111110110111        0    
311          1111111111111111111111111111111111111111111111110111111110110111        0    
312          1111111111111111111111111111111111111111111111110111111110110111        1    
313          1111111111111111111111111111111111111111110011110111111110110111        0    
314          1111111111111111111111111111111111111111110011111101111110110111        0    
315          1111111111111111111111111111111111111111110011111100111110110111        0    
316          1111111111111111111111111111111111111111110011111100111110110111        0    
317          1111111111111111111111111111111111111111111011111100111110110011        0    
318          1111111111111111111111111111111111111111111011111011111110110011        0    
319          1111111111111111111111111111111111111111111011111011111110110011        0    
320          1111111111111111111111111111111111111111111011111010111110110011        0    
321          1111111111111111111111111111111111111111111011111010111110110010        0    
322          1111111111111111111111111111111111111111111011011010111110110010        0    
323          1111111111111111111111111111111111111111110011011010111110110010        0    
324          1111111111111111111111111111111111111111110011011001111110110010        0    
325          1111111111111111111111111111111111111111110011011001111110110010        0    
326          1111111111111111111111111111111111111111110011011001111111110010        0    
327          1111111111111111111111111111111111111111110011011000111111110010        0    
328          1111111111111111111111111111111111111111110011010111111111110010        0    
329          1111111111111111111111111111111111111111110011010111111110110010        0    
330          1111111111111111111111111111111111111111110011011111111110110010        0    
331          1111111111111111111111111111111111111111110011011111111110110010        0    
332          1111111111111111111111111111111111111111110011011111111111110010        0    
333          1111111111111111111111111111111111111111110011011111111111110010        0    
334          1111111111111111111111111111111111111111110011011110111111110010        0    
335          1111111111111111111111111111111111111111111011011110111111110010        0    
336          1111111111111111111111111111111111111111111011011111111111110010        0    
337          1111111111111111111111111111111111111111111011011111111111110010        0    
338          1111111111111111111111111111111111111111110011011111111111110110        0    
339          1111111111111111111111111111111111111111110011011110111111110110        0    
340          1111111111111111111111111111111111111111110011101110111111110110        0    
341          1111111111111111111111111111111111111111111011101110111111110110        0    
342          1111111111111111111111111111111111111111111011101111111111110110        0    
343          1111111111111111111111111111111111111111111011111111111111110110        0    
344          1111111111111111111111111111111111111111110011111111111111111010        0    
345          1111111111111111111111111111111111111111110011111110111111111010        0    
346          1111111111111111111111111111111111111111110011111110111111111010        2    
347          1111111111111111111111111111111111111111110011111110111110111010        2    
348          1111111111111111111111111111111111111111110011111111111110111010        2    
349          1111111111111111111111111111111111111111110011111111111110111010        2    
350          1111111111111111111111111111111111111111110011111111111111111010        2    
351          1111111111111111111111111111111111111111110011111111111111111010        2    
352          1110110100011111111111111111010         0    
353          1110110100011111111111111111010         0    
354          1100110100011111111111110111010         0    
355          1100110100011111111111000111010         0    
356          1100110100011111000111000111010         2    
357          1110110101011111000111000111010         2    
358          1110110101011111000111010111010         2    
359          1110110101011111000111010111010         2    
360          1111111111111111111111111111111111100110110011111000111010111110        2    
361          1111111111111111111111111111111111100110110011111000111100111110        2    
362          1111111111111111111111111111111111100110110011101000111100111110        2    
363          1111111111111111111111111111111111100111111011101000111100111110        2    
364          1111111111111111111111111111111111100111111011101000111110111110        2    
365          1111111111111111111111111111111111100111111011111000111110111110        1    
366          1111111111111111111111111111111111011111111011111000110111111110        1    
367          1111111111111111111111111111111111011111111011111000111111111110        1    
368          1111111111111111111111111111111111111111111011011000111111111110        0    
369          1111111111111111111111111111111111111111111011011000111111111110        0    
370          1111111111111111111111111111111111111111111011011000111110111110        0    
371          1111111111111111111111111111111111111111111011011111111110111110        0    
372          1111111111111111111111111111111111111111111011010111111110111110        0    
373          1111111111111111111111111111111111111111111011010111111101111110        0    
374          1111111111111111111111111111111111111111111011010111111101111110        0    
375          1111111111111111111111111111111111111111111011000111111101111110        0    
376          1111111111111111111111111111111111111111110011000111111101110010        0    
377          1111111111111111111111111111111111111111110011000111111101110010        0    
378          1111111111111111111111111111111111111111110010110111111101110010        0    
379          1111111111111111111111111111111111111111111010110111111101110010        0    
380          1111111111111111111111111111111111111111111010110111111101110010        0    
381          1111111111111111111111111111111111111111111010110111111101110010        0    
382          1111111111111111111111111111111111111111110010110111111101110110        0    
383          1111111111111111111111111111111111111111110010110111111101110111        0    
384          1111111111111111111111111111111111111111110010110111111101110111        0    
385          1111111111111111111111111111111111111111110010110111111101110111        0    
386          1111111111111111111111111111111111111111110010111001111101110111        0    
387          1111111111111111111111111111111111111111111010111001111101110111        0    
388          1111111111111111111111111111111111111111111111101001111101110111        0    
389          1111111111111111111111111111111111111111111111101001110111111011        0    
390          1111111111111111111111111111111111111111111111101001110101111011        0    
391          1111111111111111111111111111111111111111111111111001110111111011        0    
392          1111111111111111111111111111111111111111111111111001110110111011        0    
393          1111111111111111111111111111111111111111111111111001110110111011        0    
394          1111111111111111111111111111111111111111111111111001111110111011        3    
395          1111111111111111111111111111111111111011110010011001111110111011        0    
396          1111111111111111111111111111111111111011110010001010111110111011        0    
397          1111111111111111111111111111111111111111110010001010111111111011        0    
398          1111111111111111111111111111111111111111110010001011111111111011        0    
399          1111111111111111111111111111111111111111110010001100111111111011        0    
400          1111111111111111111111111111111111111111110010001100111111111011        2    
401          1111111111111111111111111111111111111111110010001101111111111011        2    
402          1111111111111111111111111111111111111111100010101101111111111011        0    
403          1111111111111111111111111111111111111011100010101101111110111011        0    
404          1111111111111111111111111111111111111011100010101101111000111011        0    
405          1111111111111111111111111111111111111011100010101101111010111011        0    
406          1111111111111111111111111111111111111011100010101101111010111011        0    
407          1111111111111111111111111111111111111011100010101101111100111011        0    
408          1111111111111111111111111111111111101011011010101101111100110111        0    
409          1111111111111111111111111111111111101011011010101101111110110111        0    
410          1111111111111111111111111111111111101011011010101101111000110111        0    
411          1111111111111111111111111111111111101011011010001101111000110111        0    
412          1111111111111111111111111111111111101011110010001111111000110111        0    
413          1111111111111111111111111111111111101011110010001111111000110111        0    
414          1111111111111111111111111111111111101011110010001001111000110111        4    
415          1111111111111111111111111111111111111111111111101010111000110111        0    
416          1111111111111111111111111111111111111111111111101010111001110111        0    
417          1111111111111111111111111111111111111111111111101010111111110111        0    
418          1111111111111111111111111111111111111111111111101010111101110111        0    
419          1111111111111111111111111111111111111111111111111010111011110111        0    
420          1111111111111111111111111111111111111111111111111010111010110111        0    
421          1111111111111111111111111111111111111111111111111010111010110111        0    
422          1111111111111111111111111111111111111111111111111010111110110111        1    
423          1111111111111111111111111111111111111111110001111010111110110111        0    
424          1111111111111111111111111111111111111111110001101010111110110111        0    
425          1111111111111111111111111111111111111111110001101111111110110111        0    
426          1111111111111111111111111111111111111111110001101111111111110111        0    
427          1111111111111111111111111111111111111111110001101110111111110111        4    
428          1111111111111111111111111111111111111111110001101111111111110111        4    
429          1111111111111111111111111111111111111111111111101111111111110111        0    
430          1111111111111111111111111111111111111111111111111111111111110111        0    
431          1111111111111111111111111111111111111111111111111111111111110111        0    
432          1111111111111111111111111111111111111111111111111111111111110111        0    
433          1111111111111111111111111111111111111111111111110111111011110111        0    
434          1111111111111111111111111111111111111111111111110111111011110111        0    
435          1111111111111111111111111111111111111111111111110111111111110111        0    
436          1111111111111111111111111111111111111111111111110111111111111011        0    
437          1111111111111111111111111111111111111111111111110111111111111011        0    
438          1111111111111111111111111111111111111111111111111101111011111011        0    
439          1111111111111111111111111111111111111111111111111101111100111011        0    
440          1111111111111111111111111111111111111111111111101101111110111011        0    
441          1111111111111111111111111111111111111111111111111101111100111011        0    
442          1111111111111111111111111111111111111111111111111101011111111011        0    
443          1111111111111111111111111111111111111111111111110111111101111011        0    
444          1111111111111111111111111111111111111111111111110111011111111011        0    
445          1111111111111111111111111111111111111111111111110111011110111011        0    
446          1111111111111111111111111111111111111111111111110111111110111011        0    
447          1111111111111111111111111111111111111111111111110111011110111011        3    
448          1111011110011010111011110111011         0    
449          1111011110011100110011110111011         0    
450          1111011111011100110011110110111         0    
451          1111011111011110111011110110111         0    
452          1111011111011111110111110110111         0    
453          1111011111011111110111110110111         0    
454          1111011111011111111011110110111         0    
455          1111011110011111111011110110111         0    
456          1111011110011111111111110110111         0    
457          1111011110011111111111110110111         0    
458          1111011110011111000011110110111         0    
459          1111011110011111000011110110111         0    
460          1111011110011111000111110110111         3    
461          1111011101011111000111110110011         3    
462          1111011111011111000111110110011         0    
463          1111011111011101000111110110011         0    
464          1111011111011101001111110110011         0    
465          1111011111011011001111110110011         0    
466          1111011111011011010111110110011         0    
467          1111011111011011010011110110011         4    
468          1111011110011011010011110110011         4    
469          1111011110011011011011110110011         4    
470          1111111111111111111111111111111111111111111111111011011110110011        0    
471          1111111111111111111111111111111111111111111111111111111110110011        0    
472          1111111111111111111111111111111111111111111111111111111110110011        0    
473          1111111111111111111111111111111111111111111111111111011110110011        0    
474          1111111111111111111111111111111111111111111111111111011110110011        0    
475          1111111111111111111111111111111111111111111111111111111110111111        0    
476          1111111111111111111111111111111111111111111111111111111110111111        0    
477          1111111111111111111111111111111111111111111111111111111110111110        2    
478          1111111111111111111111111111111111111111111111111111011110111110        2    
479          1111111111111111111111111111111111111111111111111111011110111110        2    
480          1111110110011111111011110111110         0    
481          1111110110011101111011110111110         0    
482          1111110101011101111011110111010         0    
483          1111110101011111111011110111010         0    
484          1111111100011111111011110111010         0    
485          1111111100011111111111110111010         0    
486          1111111111011111111111110110110         0    
487          1111111111011111111011110110110         0    
488          1111110010011111111011110110110         0    
489          1111110010011111111111110110110         0    
490          1111110001011111111111110110010         0    
491          1111110001011111011011110110010         0    
492          1111110000011111011011110110010         0    
493          1111110000011111011111110110010         0    
494          1111110000011111011111101110010         1    
495          1111111111111111111111111111111111111111110011111011111101110010        0    
496          1111111111111111111111111111111111111111110011101011111101110010        0    
497          1111111111111111111111111111111111111111110011101010111100110010        0    
498          1111111111111111111111111111111111111111110011011010111100110010        0    
499          1111111111111111111111111111111111111111110011011001111011110010        0    
500          1111111111111111111111111111111111111111110011011001111011110010        0    
501          1111111111111111111111111111111111111111111011011000111011110010        2    
502          1111111001011111000111011110010         0    
503          1111111001011111111111011110010         0    
504          1111110110011111111111011110110         0    
505          1111110110011101111111011110110         0    
506          1111110011011101111111111110110         0    
507          1111110011010111111111111110110         0    
508          1111111100010111111111111111010         0    
509          1111111100010111111111111111010         0    
510          1101011100010111111111010111010         0    
511          1101011100010111000111010111010         0    
512          1111111100010111000111001111010         3    
513          1111111100010111000111001111010         3    
514          1111111111111111111111111111111111111111111111111000111000111010        0    
515          1111111111111111111111111111111111111111111111111001111000111010        0    
516          1111111111111111111111111111111111111111111111111001111110111010        0    
517          1111111111111111111111111111111111111111111111111001111110110110        0    
518          1111111111111111111111111111111111111111111111111001111110110110        2    
519          1111111111111111111111111111111111111111111111111001111100110110        2    
520          1111111111111111111111111111111111101011110010111001111100110110        0    
521          1111111111111111111111111111111111101011110010111010111100110110        0    
522          1111111111111111111111111111111111101011110010111010111110110110        0    
523          1111111111111111111111111111111111111011101010111010111110110010        0    
524          1111111111111111111111111111111111111011101011101010111110110010        1    
525          1111111111111111111111111111111111111011101011101010111000110010        1    
526          1111111111111111111111111111111111111111110011001010111000110010        0    
527          1111111111111111111111111111111111111111110011011010111000110010        0    
528          1111111111111111111111111111111111111111110011011111111000110010        0    
529          1111111111111111111111111111111111111111110011011111111111110010        0    
530          1111111111111111111111111111111111111111110011101111111111110010        0    
531          1111111111111111111111111111111111111111110011101110111111110010        0    
532          1111111111111111111111111111111111111111110011101110111110110010        0    
533          1111111111111111111111111111111111111111110011111110111110110010        0    
534          1111111111111111111111111111111111111111110011111111111110110010        0    
535          1111111111111111111111111111111111111111110011111111111101110010        0    
536          1111111111111111111111111111111111111111110100001111111101110010        0    
537          1111111111111111111111111111111111111111111111101111111101110010        0    
538          1111111111111111111111111111111111111111111111111111111101110010        0    
539          1111111111111111111111111111111111111111111111111111110111110010        0    
540          1111111111111111111111111111111111111111111111111111110111110110        0    
541          1111111111111111111111111111111111111111111111101111110111110110        0    
542          1111111111111111111111111111111111111111111111101111110101110110        0    
543          1111111111111111111111111111111111111111111111101111110101110110        0    
544          1111111111111111111111111111111111111111111111111111110101110110        0    
545          1111111111111111111111111111111111111111111111111111110111110110        0    
546          1111111111111111111111111111111111111111111111111111110111111010        0    
547          1111111111111111111111111111111111111111111111101111110111111010        0    
548          1111111111111111111111111111111111111111111111101111110101111010        0    
549          1111111111111111111111111111111111111111111111101111110100111010        0    
550          1111111111111111111111111111111111111111111111111111110100111010        0    
551          1111111111111111111111111111111111111111111111111111011110111010        0    
552          1111111111111111111111111111111111111111111111111111011111111010        0    
553          1111111111111111111111111111111111111111111111111101111111111010        0    
554          1111111111111111111111111111111111111111111111111101111111111010        0    
555          1111111111111111111111111111111111111111111111111101111110111010        0    
556          1111111111111111111111111111111111111111111111111101011110111010        1    
557          1111111111111111111111111111111111111111111111111101011010111010        1    
558          1111111111111111111111111111111111111111111101011101011010110110        0    
559          1111111111111111111111111111111111111111111101011101111010110110        0    
560          1111111111111111111111111111111111111111111101011100111010110110        0    
561          1111111111111111111111111111111111111111110101011100111010110110        0    
562          1111111111111111111111111111111111111111110101011100011010110110        0    
563          1111111111111111111111111111111111111111110101011011011010110110        0    
564          1111111111111111111111111111111111111111111101011011011010110010        0    
565          1111111111111111111111111111111111111111111101101011011010110010        0    
566          1111111111111111111111111111111111111111111101101010011010110010        0    
567          1111111111111111111111111111111111111111110101101010011010110010        0    
568          1111111111111111111111111111111111111111110101111010011010110010        0    
569          1111111111111111111111111111111111111111110101111001011010110010        0    
570          1111111111111111111111111111111111111111111101111001011010011110        0    
571          1111111111111111111111111111111111111111111111101001011010011110        0    
572          1111111111111111111111111111111111111111111111101001011010011110        0    
573          1111111111111111111111111111111111111111111111101001011010011110        0    
574          1111111111111111111111111111111111111111111111100111111010011110        0    
575          1111111111111111111111111111111111111111111111100111111010011010        0    
576          1111111111111111111111111111111111111111111111100111110110011010        0    
577          1111111111111111111111111111111111111111111111100111010110011010        0    
578          1111111111111111111111111111111111111111111111100111010110011010        0    
579          1111111111111111111111111111111111111111111111100111010110011010        0    
580          1111111111111111111111111111111111111111111111100111110110011010        0    
581          1111111111111111111111111111111111111111111111100111110110010110        0    
582          1111111111111111111111111111111111111111111111100111110010010110        0    
583          1111111111111111111111111111111111111111111111110111110010010110        0    
584          1111111111111111111111111111111111111111111111110111110010010110        0    
585          1111111111111111111111111111111111111111111111110111110010010110        0    
586          1111111111111111111111111111111111111111111111100111110010010110        0    
587          1111111111111111111111111111111111111111111111100111110010010010        0    
588          1111111111111111111111111111111111111111111111100111111110010010        0    
589          1111111111111111111111111111111111111111111111110111111110010010        0    
590          1111111111111111111111111111111111111111111111110111111111010010        0    
591          1111111111111111111111111111111111111111111111110111111101010010        0    
592          1111111111111111111111111111111111111111111111110111011101010010        0    
593          1111111111111111111111111111111111111111111111110111011100010010        0    
594          1111111111111111111111111111111111111111111111110111011010010010        0    
595          1111111111111111111111111111111111111111111111110101111010010010        0    
596          1111111111111111111111111111111111111111111111110101101111010010        0    
597          1111111111111111111111111111111111111111111111110101101111010010        0    
598          1111111111111111111111111111111111111111111111110101001111010010        0    
599          1111111111111111111111111111111111111111111111110101001110010010        0    
600          1111111111111111111111111111111111111111111111110101001110010010        0    
601          1111111111111111111111111111111111111111111111110101101110010010        0    
602          1111111111111111111111111111111111111111111111110101101111010010        0    
603          1111111111111111111111111111111111111111111111110101101101010010        0    
604          1111111111111111111111111111111111111111111111100101101101010010        0    
605          1111111111111111111111111111111111111111111111100101101100010010        0    
606          1111111111111111111111111111111111111111111111100101101110010010        0    
607          1111111111111111111111111111111111111111111111110101101110010010        3    
608          1110111111100110101101110010010         0    
609          1111111011100110101101011010010         0    
610          1111111011100100110101011010010         0    
611          1111111110100100110101011010110         0    
612          1111111110100100111101011010111         0    
613          1111111110100010111101011010111         0    
614          1111111110100010100101011010111         0    
615          1111111110100010101101011010111         0    
616          1101111111100010101101011010111         0    
617          1101111111100010110101011010111         0    
618          1101111111100000110101011010111         0    
619          1101111111100000111101011010111         0    
620          111111110100001100101011011011          0    
621          111111100100101100101011011011          0    
622          111111100100101100101111011011          0    
623          111111100011111100101111011011          0    
624          111111100011111100101111011011          0    
625          101111101011111100101111011011          0    
626          101111101011111100101011011011          0    
627          101111101011101100101011011011          0    
628          101111101011101100101111011011          1    
629          1111111111111111111111111111111111111111111011101100101111011011        0    
630          1111111111111111111111111111111111111111110011101100101111011111        0    
631          1111111111111111111111111111111111111111110011100111101111011111        0    
632          1111111111111111111111111111111111111111110011100111001111011111        0    
633          1111111111111111111111111111111111111111110011100110001111011111        0    
634          1111111111111111111111111111111111111111110011100101001111011111        0    
635          1111111111111111111111111111111111111111111011100101001111011111        0    
636          1111111111111111111111111111111111111111111011100100001111011111        0    
637          1111111111111111111111111111111111111111111011100111101111011111        0    
638          1111111111111111111111111111111111111111111011100011101111011111        0    
639          1111111111111111111111111111111111111111110011100011101111110011        0    
640          1111111111111111111111111111111111111111110011100011101111110011        3    
641          111111110011100011101111110011          0    
642          111111110011100011001111110011          0    
643          111111110011100011001111110011          0    
644          111111011011100011001111110011          0    
645          111111011011100111001111110011          2    
646          111111011011100110101111110011          2    
647          111111011011100111101111110011          2    
648          111111001011100111101111110011          0    
649          111110110011100111101111110111          0    
650          111110110011100111111011110111          0    
651          111110110011100111011011110111          0    
652          111110110011100111011011110111          4    
653          1111111111111111111111111111111111111111111111100111011011110111        0    
654          1111111111111111111111111111111111111111111111100111011011110111        0    
655          1111111111111111111111111111111111111111111111100111011011110111        0    
656          1111111111111111111111111111111111111111111111100111001111110111        0    
657          1111111111111111111111111111111111111111111111100101101111110111        0    
658          1111111111111111111111111111111111111111111111100101101111110111        0    
659          1111111111111111111111111111111111111111111111100101101111111011        0    
660          1111111111111111111111111111111111111111111111100101101011111011        0    
661          1111111111111111111111111111111111111111111111100101001011111011        0    
662          1111111111111111111111111111111111111111111111100101001111111011        0    
663          1111111111111111111111111111111111111111111111100101001110111011        0    
664          1111111111111111111111111111111111111111111111100101001100111011        0    
665          1111111111111111111111111111111111111111111111100101101100111011        0    
666          1111111111111111111111111111111111111111111111100101101110111011        3    
667          110011110011100101101110111011          0    
668          110011110011100110101110111011          0    
669          110111110011100110101111111011          0    
670          110111110011100111101111111011          0    
671          110111110011100111001111111011          2    
672          110111110011101000001111111011          2    
673          110111100011101000001111111011          0    
674          111011100011101000001110111011          0    
675          111011100011101000001110111011          0    
676          111011100011101110101110111011          0    
677          111011100011101110101110111011          0    
678          1111011101011101110101110111011         0    
679          1111011101011101110101110111011         3    
680          1111011111011101110101110111011         0    
681          1111011111011101110001110111011         0    
682          1111011111011101111001110111011         0    
683          1111011110011101110001110111111         0    
684          1111011110011101111001110111111         0    
685          1111011110011101111101110111111         0    
686          1111011110011101101101110111111         0    
687          1111010111011101101101110111111         0    
688          1111010111011101101101110111111         0    
689          1111010111011101111101110111111         0    
690          1111010111011101111001110111111         0    
691          1111010111011101111001110111111         0    
692          1111110111011101111001111111111         0    
693          1111110111011111101001111111111         0    
694          1111110111011111101101111111111         0    
695          1111110111011111110101111111111         0    
696          1010011111011111110111100111111         0    
697          1010011111011111111111100111111         0    
698          1010011111011111111011100111111         0    
699          1010011111011111100011100111111         0    
700          1010011111011111101011100111111         2    
701          1010111111011111101011101111111         0    
702          1010111111011111101011111111111         0    
703          1010111111011111111111111111111         0    
704          1010111111011111111110001111111         0    
705          1011010111011111111110010111111         0    
706          1011010111011111111110110111111         0    
707          1011010111011111111110110111110         0    
708          1001110111011111111110111111110         0    
709          1001110111011111111110111111110         0    
710          1110010111011111111111100111110         0    
711          1110010111010111111111100111110         0    
712          1110110111010111111111111111110         3    
713          1110110111010111111111111111110         0    
714          1110110111010111111111111111110         0    
715          1010110110010111111111111110010         0    
716          1010110110010011111111111110010         0    
717          1010111111010011111111111110010         0    
718          1010111111010011111111111110010         0    
719          1010111110010011011111111110110         0    
720          1111111111111111111111111111111111111111111111111100011111110110        0    
721          1111111111111111111111111111111111111111111111111100011111110110        0    
722          1111111111111111111111111111111111111111111111111100011101110110        0    
723          1111111111111111111111111111111111111111111111111100111101110110        0    
724          1111111111111111111111111111111111111111111111111100111101111010        0    
725          1111111111111111111111111111111111111111111111111100110111111010        0    
726          1111111111111111111111111111111111111111111111111101010111111010        0    
727          1111111111111111111111111111111111111111111111111101010110111010        0    
728          1111111111111111111111111111111111111111111111111101010110111010        0    
729          1111111111111111111111111111111111111111111111111101110110111010        0    
730          1111111111111111111111111111111111111111111111111101110111111010        0    
731          1111111111111111111111111111111111111111111111111101110111111010        0    
732          1111111111111111111111111111111111111111111111111110010111111010        0    
733          1111111111111111111111111111111111111111111111111110011010111010        0    
734          1111111111111111111111111111111111111111111111111110011000111010        0    
735          1111111111111111111111111111111111111111111111111110011000111010        0    
736          1111111111111111111111111111111111111111111111111110011000110110        0    
737          1111111111111111111111111111111111111111111111111110011110110110        0    
738          1111111111111111111111111111111111111111111111111110011110110110        3    
739          1111111111111111111111111111111111111111111111111110011110110110        3    
740          1111111111111111111111111111111111111111111111111110011100110110        3    
741          1110011010001011110011100110110         0    
742          1100011111001011110011101110110         0    
743          1100011111001011111011101110110         0    
744          1100011111001011101111101110110         0    
745          1110011110001011101111110110110         0    
746          1110011110001011111111110110110         0    
747          1110011110001011111011110110110         0    
748          1111111111111111111111111111111111100011111001011111011111110110        0    
749          1111111111111111111111111111111111100011111001011111011111110110        4    
750          1111111111111111111111111111111111111111111111111111111111110110        0    
751          1111111111111111111111111111111111111111111111111111111111110010        0    
752          1111111111111111111111111111111111111111111111111111111011110010        0    
753          1111111111111111111111111111111111111111111111111111011011110010        0    
754          1111111111111111111111111111111111111111111111111111011011110010        0    
755          1111111111111111111111111111111111111111111111111111011011110010        0    
756          1111111111111111111111111111111111111111111111111011111011110010        0    
757          1111111111111111111111111111111111111111111111111011111011111110        0    
758          1111111111111111111111111111111111111111111111111011111111111110        0    
759          1111111111111111111111111111111111111111111111111011111111111110        0    
760          1111111111111111111111111111111111111111111111111011111110111110        0    
761          1111111111111111111111111111111111111111111111111011111110111110        0    
762          1111111111111111111111111111111111111111111111111011111110111110        0    
763          1111111111111111111111111111111111111111111111111011111101111110        3    
764          1111111111111111111111111111111111111111111111111011111011111110        3    
765          1111111111111111111111111111111111110111011010011011111011111110        0    
766          1111111111111111111111111111111111101011011010011011111010111110        0    
767          1111111111111111111111111111111111101011011010011111111010111110        0    
768          1111111111111111111111111111111111101011011010011111111010111110        0    
769          1111111111111111111111111111111111111111011010011111111010111110        0    
770          1111111111111111111111111111111111111111011010011111111010111110        0    
771          1111111111111111111111111111111111111111011010111111111010111110        0    
772          1101111010010111111111010111010         0    
773          1101111010010111111111010111010         0    
774          1101111010010111111111010111010         0    
775          1111111011010111111111010111010         0    
776          1111111011011011111111010111010         0    
777          1101111110011011111111010110110         0    
778          1101111110011011111111010110110         0    
779          1111111111011011111111010110110         0    
780          1111111111011111111111010110110         0    
781          1110011111011111111111010110010         0    
782          1110011111011111111011010110010         0    
783          1110111111011111111011010110010         0    
784          1110111111011111110111010110010         0    
785          1111011111011111110111010011110         0    
786          1111011111011111110011010011110         0    
787          1111011110011111110011010011110         0    
788          1111011110011111110011010011110         0    
789          1111001111011111110011010011010         0    
790          1111001111100011110011010011010         0    
791          1111001010100011110011010011010         0    
792          1111001010100011110011010011010         0    
793          1111001111100011110011010010110         0    
794          1111001111100111110011010010110         1    
795          1111111111111111111111111111111111111111111100111110011010010110        0    
796          1111111111111111111111111111111111111111110100111110011010010110        0    
797          1111111111111111111111111111111111111111110100111101111010010110        0    
798          1111111111111111111111111111111111111111111100111101111010010010        0    
799          1111111111111111111111111111111111111111111100111101011010010010        2    
800          1111111111111111111111111111111111111111110100111101011011010010        2    
801          1111111111111111111111111111111111111111110100111011111011010010        2    
802          1111111111111111111111111111111111111000110100111011111011010010        0    
803          1111111111111111111111111111111111111001101100111011111010010010        2    
804          1111111111111111111111111111111111111001101100111011011110010010        2    
805          1111111111111111111111111111111111111001100100111011011111010010        2    
806          1111111111111111111111111111111111111001100100111111111111010010        2    
807          1111111111111111111111111111111111111001111100111111111111010110        2    
808          1111111111111111111111111111111111111001111100111111011011010110        2    
809          1111111111111111111111111111111111111001110100111111011011010110        2    
810          1111111111111111111111111111111111111001110100111111111011010110        2    
811          1111111111111111111111111111111111111001101100111111111011011010        1    
812          1111111111111111111111111111111111111001101100111111011111011010        1    
813          1111111111111111111111111111111111111111111100111111011111011010        0    
814          1111111111111111111111111111111111111111111100111111011111011010        0    
815          1111111111111111111111111111111111111111111100111111111111011010        0    
816          1111111111111111111111111111111111111111111100111111111100011010        1    
817          1111111111111111111111111111111111111111111100111101011100011010        1    
818          1111111111111111111111111111111111111111111100111101011101011010        1    
819          1111111111111111111111111111111111111111111100111100111101011010        1    
820          1111111111111111111111111111111111111111110100111100111110011010        1    
821          1111111111111111111111111111111111111111110100110111111110011010        1    
822          1111111111111111111111111111111111111111111100110111111110011010        1    
823          1111111111111111111111111111111111111111111101010110111110011010        1    
824          1111111111111111111111111111111111111111111101010110111110010110        1    
825          1111111111111111111111111111111111111111111101010101111110010110        1    
826          1111111111111111111111111111111111111111111101010101111110010110        1    
827          1111111111111111111111111111111111111111111101010100011110010110        1    
828          1111111111111111111111111111111111111111111101010100011110010010        1    
829          1111111111111111111111111111111111111111111101010011111110010010        1    
830          1111111111111111111111111111111111111111110101010011111110010010        1    
831          1111111111111111111111111111111111111111110101010011011110010010        1    
832          1111111111111111111111111111111111111111111101010011011110011110        1    
833          1111111111111111111111111111111111111111111101010011011110011110        1    
834          1111111111111111111111111111111111111111111101010011011110011110        1    
835          1111111111111111111111111111111111111111111100110011011110011110        1    
836          1111111111111111111111111111111111111111111100110011011110011010        1    
837          1111111111111111111111111111111111111111111100101111011110011010        1    
838          1111111111111111111111111111111111111111111100101111011110011010        1    
839          1111111111111111111111111111111111111111111100011111011110011010        1    
840          1111111111111111111111111111111111111111110100011111011110010110        1    
841          1111111111111111111111111111111111111111110100001111011110010110        1    
842          1111111111111111111111111111111111111111111100001111011110010110        1    
843          1111111111111111111111111111111111111111111011111111011110010110        1    
844          1111111111111111111111111111111111111111110011111111011110010010        1    
845          1111111111111111111111111111111111111111110011101011011110010010        1    
846          1111111111111111111111111111111111111111111011101011011101010010        1    
847          1111111111111111111111111111111111111111111011011011011101010010        1    
848          1111111111111111111111111111111111111111110011011011011100010010        1    
849          1111111111111111111111111111111111111111110011001011011100010010        1    
850          1111111111111111111111111111111111111111110011001011011111010010        1    
851          1111111111111111111111111111111111111111110010111011011111010010        1    
852          1111111111111111111111111111111111111111110010111011011111010110        1    
853          1111111111111111111111111111111111111111110010100111011111010110        1    
854          1111111111111111111111111111111111111111110010100111011111010110        2    
855          1111111111111111111111111111111111111111110010010111011111010110        2    
856          1111111111111111111111111111111111111111110010010111011110010110        2    
857          1111111111111111111111111111111111111111110010000111011110010110        2    
858          1111111111111111111111111111111111000111110010100111011110010110        0    
859          1110011110010100111011101010110         0    
860          1110011110001110111011111010110         2    
861          1111111110001110111011110010110         2    
862          1111111110001100111011000010110         2    
863          1111011110001100111011000010110         2    
864          1111011110001110111011010010110         2    
865          1111011111001110111011010010010         2    
866          1111011111001110111111100010010         2    
867          1111101000001110111110111010010         2    
868          1111101000001110101010111010010         2    
869          1111101101001110101010110010010         2    
870          1111101101001110101111110010010         2    
871          1110101001001110101111101010010         2    
872          1110101001001110101011111010010         2    
873          1110101101001110101011111010110         2    
874          1110101101001110101111101010110         2    
875          1111111001001110101111101010110         1    
876          1111111001001110111011111010110         1    
877          1111111110001110111011111011010         1    
878          1111111110001110111110101011010         1    
879          1111111111111111111111111111111111111111110001010111110101011010        0    
880          1111111111111111111111111111111111111111111001010111110101011010        0    
881          1111111111111111111111111111111111111111111001010111110101011010        0    
882          1111111111111111111111111111111111111111110001010111110101011110        0    
883          1111111111111111111111111111111111111111110001010111110101011110        0    
884          1111111111111111111111111111111111111111111001010111110100011110        0    
885          1111111111111111111111111111111111111111111001011010110100011110        0    
886          1111111111111111111111111111111111111111111001011010110011011110        2    
887          1111111111111111111111111111111111111111111001001001110011011110        2    
888          1101001101001101001110011011110         0    
889          111101101001101001110010011110          0    
890          111101101000111001110010011110          0    
891          101001101000111001110011011110          0    
892          101001101000101001110101011110          0    
893          111001100000101001110100011110          0    
894          111001100000111001110110011110          0    
895          111001111000111001101111011110          0    
896          111001111000111001101111011110          0    
897          111001010000111001101110011110          0    
898          111001010000111001101110011110          0    
899          111001101000111001101111011110          0    
900          111001101000111001101101011110          0    
901          11111001000111001101100011110           0    
902          11111001000111011101110011110           0    
903          11011101000111011101111011110           0    
904          11011101000111011111011011110           0    
905          11111001000111011111010011110           0    
906          11111001000111011111010011110           0    
907          11111110000111011111011011110           0    
908          11111110000111011111101011110           0    
909          11101011000111011111100011110           0    
910          11101011000111101111110011110           3    
911          11101100000111101110111011110           3    
912          11101100000111101111111011110           3    
913          11101110000011101111111011110           0    
914          11101111000011101111110011110           3    
915          11101111000011111111110011110           3    
916          11101111000011111111101011110           2    
917          11101111000011111111101011110           2    
918          11111111000011111111101011110           2    
919          11111111000011110111101011110           4    
920          101111111000011110111101010010          4    
921          101111111000101111111101010010          4    
922          1111111111111111111111111111111111111111111111101111111101010010        0    
923          1111111111111111111111111111111111111111111111101111111101010010        0    
924          1111111111111111111111111111111111111111111111111111110111010010        0    
925          1111111111111111111111111111111111111111111111111111110111010110        0    
926          1111111111111111111111111111111111111111111111101111110101010110        0    
927          1111111111111111111111111111111111111111111111101111110101010110        0    
928          1111111111111111111111111111111111111111111111111111110111010110        0    
929          1111111111111111111111111111111111111111111111111111110111011010        0    
930          1111111111111111111111111111111111111111111111111101110101011010        3    
931          1111111111111111111111111111111111111111111111111101110101011010        3    
932          1111111111111111111111111111111111111111111111111101101111011010        3    
933          1011101011001011101101111011010         0    
934          1011101110001011101101111011110         0    
935          1011101110001011110101111011110         0    
936          1011100111001011110101111011110         0    
937          1011100111001011111101111011110         0    
938          1011111110001011111101111110010         0    
939          1011111110001011011101111110010         0    
940          1101011110001011011101111110010         0    
941          1101011110001101011101111110010         0    
942          1111111110001101011101111110110         0    
943          1111111110001111011101111110110         0    
944          1111111111111111111111111111111110011011110001111011101111110110        0    
945          1111111111111111111111111111111110011011110010001011101111110110        0    
946          1111111111111111111111111111111110011111110010001011101111111010        0    
947          1111111111111111111111111111111110011111110010011111101111111010        0    
948          1111111111111111111111111111111110111111111010011111101110111010        0    
949          1111111111111111111111111111111110111111111010101111101110111010        0    
950          1111111111111111111111111111111110111111110010101111101111111010        0    
951          1111111111111111111111111111111110111111110010111111101111111010        0    
952          1111111111111111111111111111111111011111111010111111101110111010        0    
953          1111111111111111111111111111111111011111111011001111101110111010        0    
954          1111111111111111111111111111111111011011111011001111101110110110        0    
955          1111111111111111111111111111111111011011111011011011101110110110        0    
956          1111111111111111111111111111111111111111111011011011101110110110        0    
957          1111111111111111111111111111111111111111111011111011101110110110        0    
958          1111111111111111111111111111111111111011111011111011101110110010        0    
959          1111111111111111111111111111111111111011111011111011101110110010        0    
960          101011110011111011101110110010          0    
961          101011110100011011101110110010          0    
962          111011111100011011101111110010          0    
963          111011111100011111101111110010          0    
964          101011110100011111101110110010          0    
965          101011110100111111101110110010          0    
966          111011111100111111101111110010          0    
967          111011111100111111101111110010          0    
968          1101111111100111111101111110010         0    
969          1101111111101011111101111110010         0    
970          1111011111101011111101111110110         0    
971          1111011111101011011101111110110         4    
972          1111111111111111111111111111111111111111111111111011101111110110        0    
973          1111111111111111111111111111111111111111111111111011101111110110        0    
974          1111111111111111111111111111111111111111111111111011101111110110        0    
975          1111111111111111111111111111111111111111111111111011101111111010        0    
976          1111111111111111111111111111111111111111111111111011101011111010        0    
977          1111111111111111111111111111111111111111111111111011101110111010        0    
978          1111111111111111111111111111111111111111111111111011101100111010        3    
979          1111111111111111111111111111111110101111111110011011101100111010        0    
980          1111111111111111111111111111111110101111010110011011101101111010        0    
981          1111111111111111111111111111111110101111010110011011101101111010        0    
982          1111111111111111111111111111111110101110111110011011101110111010        0    
983          1111111111111111111111111111111110101110111110011010101110111010        0    
984          1111111111111111111111111111111110101110010110011010101111111010        0    
985          1111111111111111111111111111111110101110010110011011101111111010        0    
986          1111111111111111111111111111111110111110011110011011111000111010        4    
987          1111111111111111111111111111111111111111111111111011111000111010        0    
988          1111111111111111111111111111111111111111111111111011111000111010        0    
989          1111111111111111111111111111111111111111111111111011110111111010        0    
990          1111111111111111111111111111111111111111111111111011110111111010        0    
991          1111111111111111111111111111111111111111111111111011110110111010        0    
992          1111111111111111111111111111111111111111111111111011110110111010        0    
993          1111111111111111111111111111111111111111111111111011110010110110        0    
994          1111111111111111111111111111111111111111111111111011110010110110        0    
995          1111111111111111111111111111111111111111111111111011110010110110        3    
996          1111111111111111111111111111111110111011110110111011110010110110        0    
997          1111111111111111111111111111111110111011110110111011110010110110        0    
998          1111111111111111111111111111111110111110110110111101110010110010        0    
999          1111111111111111111111111111111110111110110110111100110010110010        0    
