time         game_state
1            1111111111111111111111111111111111111111111111111110011111011110        0    
2            1111111111111111111111111111111111111111111111111110111111011110        0    
3            1111111111111111111111111111111111111111111111111110111111011110        0    
4            1111111111111111111111111111111111111111111111111111011111110010        0    
5            1111111111111111111111111111111111111111111111111111011111110010        0    
6            1111111111111111111111111111111111111111111111111111111111110010        0    
7            1111111111111111111111111111111111111111111111111111111111110010        0    
8            1111111111111111111111111111111111111111111111111000011110110010        0    
9            1111111111111111111111111111111111111111111111111000011110110010        0    
10           1111111111111111111111111111111111111111111111111000111111110010        0    
11           1111111111111111111111111111111111111111111111111000111101110010        0    
12           1111111111111111111111111111111111111111111111111000111101110010        0    
13           1111111111111111111111111111111111111111111111111000111111110010        0    
14           1111111111111111111111111111111111111111111111111000111111011110        0    
15           1111111111111111111111111111111111111111111111111000111101011110        0    
16           1111111111111111111111111111111111111111111111111000011100011110        1    
17           1111111111111111111111111111111111111111111111111000001110011110        1    
18           1111111111111111111111111111111111111111111111111111101111011110        1    
19           1111111111111111111111111111111111111111111111111111101111011110        1    
20           1111111111111111111111111111111111111111110011011111101111011110        0    
21           1111111111111111111111111111111111111111110011011111001111011010        0    
22           1111111111111111111111111111111111111111110011010111001111011010        0    
23           1111111111111111111111111111111111111111111011010111101111011010        0    
24           1111111111111111111111111111111111111111111011010110101111011010        2    
25           1111111111111111111111111111111111111111110011010110001111010110        2    
26           1111111111111111111111111111111111111111110011010111001111010110        2    
27           1111111111111111111111111111111111111101110011110111001111010110        0    
28           1111111111111111111111111111111111111111111011110111001111010110        0    
29           1111111111111111111111111111111111111111111011110111001111010110        0    
30           1111111111111111111111111111111111111111000011110111001111010010        0    
31           1111111111111111111111111111111111111111000011110111011011010010        0    
32           1111111111111111111111111111111111111110101011110111111100010010        0    
33           1111111111111111111111111111111111111110101011110111111110010010        0    
34           1111111111111111111111111111111111111010001011110111011111010010        0    
35           1111111111111111111111111111111111111010001011110111011101010010        0    
36           1111111111111111111111111111111111110111101011110111111110010010        0    
37           1111111111111111111111111111111111110111101011110111111110010010        0    
38           1111111111111111111111111111111111110111000011111101011111010010        0    
39           1111111111111111111111111111111111110111000011111101011111010010        0    
40           1111111111111111111111111111111111110101111011111101111000010010        3    
41           1111111111111111111111111111111111110101111011111101111010010010        3    
42           1111111111111111111111111111111111110101111011111101111010010010        0    
43           1111111111111111111111111111111111110101110011111101111011010010        0    
44           1111111111111111111111111111111111110101110011111110111011010010        0    
45           1111111111111111111111111111111111111111111011011110111010010010        0    
46           1111111111111111111111111111111111111111111011011111111010010010        2    
47           1111111111111111111111111111111111111111110011011111011010010110        2    
48           1111111111111111111111111111111111111111110011011000011010010110        2    
49           1111111111111111111111111111111111111111100011111000011010010110        0    
50           1111111111111111111111111111111111111101100011111111111010010110        0    
51           1111111111111111111111111111111111111101100011111111111110010110        0    
52           1111111111111111111111111111111111111101100011111111011110011010        0    
53           1111111111111111111111111111111111111101100011111111011110011010        1    
54           1111111111111111111111111111111111111101101010111111011110011010        1    
55           1111111111111111111111111111111111111101101010111111110010011010        1    
56           1111111111111111111111111111111111111111111010111111110010011010        0    
57           1111111111111111111111111111111111111111110010111111110010011110        0    
58           1111111111111111111111111111111111111111110010110111110010011110        0    
59           1111111111111111111111111111111111111111111010111111110010011110        2    
60           1111111111111111111111111111111111111111111010111110110010011110        2    
61           1111111111111111111111111111111111111111110010111110110010110010        2    
62           1111111111111111111111111111111111111111110010111101110010110010        2    
63           1111111111111111111111111111111111111111100010111101110010110010        0    
64           111111101010111101110010110010          0    
65           111111101010111101110010110010          0    
66           111011101010111101110010110110          0    
67           111011101010111101110110110110          0    
68           111111101010111101110110110110          0    
69           111111101010111101110110110110          0    
70           111111100010111101110110111010          4    
71           111111100010111101111010111010          4    
72           1111111111111111111111111111111111111111111111111101111010111010        0    
73           1111111111111111111111111111111111111111111111111101111011111010        0    
74           1111111111111111111111111111111111111111111111111101110111111010        0    
75           1111111111111111111111111111111111111111111111111111110110111010        3    
76           1111111111111111111111111111111111111111111111111111110100111010        3    
77           1111111111111111111111111111111111111111111111111111110101111010        3    
78           1111111111111111111111111111111111111111111111111111110111111010        3    
79           1111111111111111111111111111111111111111111111111111110111110110        3    
80           1111111111111111111111111111111111111111111111111111110101110110        3    
81           1111111111001111111110101110110         0    
82           1111110010001011111110101110110         0    
83           1111110010001011110110101110110         3    
84           1111011110001011111110101110010         3    
85           1111011110001011111110101110010         3    
86           1111111010001011111110101110010         4    
87           1111111010001011001110101110010         4    
88           1111111111111111111111111111111111111111111111111001110101110010        0    
89           1111111111111111111111111111111111111111111111111000110110110010        0    
90           1111111111111111111111111111111111111111111111111000111110110010        0    
91           1111111111111111111111111111111111111111111111111000011111110010        0    
92           1111111111111111111111111111111111111111111111111000011111110010        0    
93           1111111111111111111111111111111111111111111111111111111100110010        0    
94           1111111111111111111111111111111111111111111111111111111010110010        0    
95           1111111111111111111111111111111111111111111111111111011010011110        0    
96           1111111111111111111111111111111111111111111111111111011000011110        0    
97           1111111111111111111111111111111111111111111111111110111000011110        0    
98           1111111111111111111111111111111111111111111111111110111110011110        0    
99           1111111111111111111111111111111111111111111111111110011110011010        0    
100          1111111111111111111111111111111111111111111111111110011100011010        0    
101          1111111111111111111111111111111111111111111111111101111100011010        0    
102          1111111111111111111111111111111111111111111111111101111010011010        0    
103          1111111111111111111111111111111111111111111111111101011010010110        0    
104          1111111111111111111111111111111111111111111111111101011000010110        0    
105          1111111111111111111111111111111111111111111111111100111000010110        1    
106          1111111111111111111111111111111111111111111111111100111110010110        1    
107          1111111111111111111111111111111111111111111111111100111110010010        1    
108          1111111111111111111111111111111111111111111111111100111100010010        1    
109          1111111111111111111111111111111111111111110001111100111100010010        0    
110          1111111111111111111111111111111111111111111001111100111100010010        0    
111          1111111111111111111111111111111111111111111001110111111100010010        0    
112          1111111111111111111111111111111111111111110010010111111100011110        4    
113          1111111111111111111111111111111111111111110010010110111100011110        4    
114          1111111111111111111111111111111111111111111010010111011100011110        4    
115          1111111111111111111111111111111111111111111010010101011100011110        4    
116          1111111111111111111111111111111111111111111111110101011100011110        0    
117          1111111111111111111111111111111111111111111111110101111111011110        0    
118          1111111111111111111111111111111111111111111111110101111111011110        0    
119          1111111111111111111111111111111111111111111111110111011110011110        0    
120          1111111111111111111111111111111111111111111111110111011110011110        0    
121          1111111111111111111111111111111111111111111111110111111101011110        0    
122          1111111111111111111111111111111111111111111111110111110111011110        0    
123          1111111111111111111111111111111111111111111111110111110111011010        0    
124          1111111111111111111111111111111111111111111111110111110101011010        3    
125          1111111111111111111111111111111111111111111111110111110111011010        3    
126          1010111010010110111110111011010         0    
127          1010111010010110110110111011010         0    
128          1010111011010110110110111010110         0    
129          111011011010110111010111010110          0    
130          111011011010111110010111010111          1    
131          1111111111111111111111111111111111111111111010111110010111010111        0    
132          1111111111111111111111111111111111111111111010110111010111010111        0    
133          1111111111111111111111111111111111111111111010110111110111010011        0    
134          1111111111111111111111111111111111111111111010110111101111011111        0    
135          1111111111111111111111111111111111111111111010110111101111011111        2    
136          1111111111111111111111111111111111111111111010110111101111011111        2    
137          1111111111111111111111111111111111111111111010110101101111011111        2    
138          111111001010110101101111011111          0    
139          111111001010110101101111110011          0    
140          111111001010110101101111110011          0    
141          110011001010110101001111110011          0    
142          110011001010110101001111110011          0    
143          110011001010110101001111110011          0    
144          110011001010110101001110110011          0    
145          110011001010110101001110110011          0    
146          110011001010110101001101110011          1    
147          110011010010110101001111110011          1    
148          100011010010110101101111110011          1    
149          100011010010110101101101110011          1    
150          1111111111111111111111111111111111111111110010110101101101110011        0    
151          1111111111111111111111111111111111111111110010110101101101011111        0    
152          1111111111111111111111111111111111111111110010110100101101011111        0    
153          1111111111111111111111111111111111111111110010110100101101011111        0    
154          1111111111111111111111111111111111111111111010110111101101011111        0    
155          1111111111111111111111111111111111111111111011010111101101011111        0    
156          1111111111111111111111111111111111111111111011010110101101011011        0    
157          1111111111111111111111111111111111111111111011010101101101011011        0    
158          1111111111111111111111111111111111111111111011010100101110011011        0    
159          1111111111111111111111111111111111111111110011010100101110011011        0    
160          1111111111111111111111111111111111111111110011011111101111011011        0    
161          1111111111111111111111111111111111111111110011011111101111011011        0    
162          1111111111111111111111111111111111111111110011011110101111011011        0    
163          1111111111111111111111111111111111111111110011011110101111011011        0    
164          1111111111111111111111111111111111111111110011011101101111011111        3    
165          1111111111111111111111111111111111110111110011011101101111011111        0    
166          1111111111111111111111111111111111110111111011101101101111011111        2    
167          1111111111111111111111111111111111110111111011101110101111011111        2    
168          1111111111111111111111111111111111110111101011101110101111011111        0    
169          1111111111111111111111111111111111110111101011101110101111011111        0    
170          1111111111111111111111111111111111110111101011101110101111110011        0    
171          1111111111111111111111111111111111100111101011101110101111110011        0    
172          1111111111111111111111111111111111100111101011111110011111110011        0    
173          1111111111111111111111111111111111100111101011111110011111110011        4    
174          1111111111111111111111111111111111110111101011111110011111110011        4    
175          1111111111111111111111111111111111110111101011111110111110110011        3    
176          1111111111111111111111111111111111110111111011111110111110110011        0    
177          1111111111111111111111111111111111110111111011111110111110110011        0    
178          1111111111111111111111111111111111110111111011111111011111110011        0    
179          1111111111111111111111111111111111110111111011111111011111110011        0    
180          1111111111111111111111111111111111111111111011110111111111110011        1    
181          1111111111111111111111111111111111111111111011110111111111110011        0    
182          1111111111111111111111111111111111111111111011110111111111110011        0    
183          1111111111111111111111111111111111111111111011111111011111011111        0    
184          1111111111111111111111111111111111111111111011111111011111011111        0    
185          1111111111111111111111111111111111111111111011111110111110011111        4    
186          1111111111111111111111111111111111111111111111111110111110011111        0    
187          1111111111111111111111111111111111111111111111111110111110011111        0    
188          1111111111111111111111111111111111111111111111101110111011011111        0    
189          1111111111111111111111111111111111111111111111101110111011011111        0    
190          1111111111111111111111111111111111111111111111111110101111011011        1    
191          1111111111111111111111111111111111111111111111111110101111011011        1    
192          1111111111111111111111111111111111111111111111111110001111011011        1    
193          1111111111111111111111111111111111111111111011011110001111011011        0    
194          1111111111111111111111111111111111111111111011011110001111011011        0    
195          1111111111111111111111111111111111111111110011011110001111011011        0    
196          1111111111111111111111111111111111111111110011011111101111010111        0    
197          1111111111111111111111111111111111111111110011011111101111010111        0    
198          1111111111111111111111111111111111111111110011011111001111010111        0    
199          1111111111111111111111111111111111111111110011011111001111010111        0    
200          1111111111111111111111111111111111111111110011011111101111010011        0    
201          1111111111111111111111111111111111111111110011011111101111010011        0    
202          1111111111111111111111111111111111111111111011011111101111010011        0    
203          1111111111111111111111111111111111111111111011011110001100010011        0    
204          1111111111111111111111111111111111111111111011011110001100010011        0    
205          1111111111111111111111111111111111111111111011101111001101010011        0    
206          1111111111111111111111111111111111111111111011101111001101010011        0    
207          1111111111111111111111111111111111111111111011111110001110010011        0    
208          1111111111111111111111111111111111111111111011111110001110010011        0    
209          1111111111111111111111111111111111111111111011110111101110010011        0    
210          1111111111111111111111111111111111111111110011110111101110010011        0    
211          1111111111111111111111111111111111111111110011110111101110010011        0    
212          1111111111111111111111111111111111111111110011110111001110011111        0    
213          1111111111111111111111111111111111111111110011110111001110011111        0    
214          1111111111111111111111111111111111111111110011110111101110011111        2    
215          1111111111111111111111111111111110101110000011110111101110011111        0    
216          1111111111111111111111111111111110101111100011110111101110011111        0    
217          1111111111111111111111111111111110101111101011111101001111011111        0    
218          1111111111111111111111111111111110101111001011111101001111011111        0    
219          1111111111111111111111111111111110101111001011111101111100011111        0    
220          1111111111111111111111111111111110101110101011111101111100011111        0    
221          1111111111111111111111111111111110101110101011101101111011011111        0    
222          1111110101011101101111011011111         0    
223          1111110110011111101111110011111         0    
224          1101110110011111101111110011111         0    
225          1101110110011111101011111011111         0    
226          1111110110011111101011111011111         0    
227          1111110110011110111111000011111         0    
228          1111111010011110111111000011111         0    
229          1111111011011110111011111011111         0    
230          1111111111011110111011111011111         0    
231          1111111111011110111111110011111         0    
232          1111110011011110111111110011111         0    
233          1111110011011110111011111011111         0    
234          1111110100011110111011111011111         0    
235          1111110100011110111011111011111         0    
236          1111110100011100111100101011111         0    
237          1111111100011100111100101011111         0    
238          1111111100011110111100111010011         0    
239          1111111100011110111100111010011         0    
240          1111111100011110111100101010011         0    
241          1111111100011110111100101010011         0    
242          1110111100011110111100101010011         0    
243          1111010100011110111100101010011         0    
244          1111010100011110111100111010011         0    
245          1111010100011110111100111010111         3    
246          1111010100011110111100111010111         3    
247          1111010100011110111101101010111         3    
248          1111010110011110111101101010111         0    
249          1111011110011110111101101010111         0    
250          1111011110011111110101101010111         0    
251          1111111110011111110101101011011         0    
252          1111111110011111110101101011011         0    
253          1111111110011111111101101011011         4    
254          1111111110011111111101101011011         4    
255          1111110110011111111101101011011         4    
256          1111110110011101000101101011011         4    
257          1111111111111111111111111111111111111111111111101000101101011111        0    
258          1111111111111111111111111111111111111111111111101000101101011111        0    
259          1111111111111111111111111111111111111111111111111000100111011111        0    
260          1111111111111111111111111111111111111111111111111000100111011111        0    
261          1111111111111111111111111111111111111111111111111000100111011111        0    
262          1111111111111111111111111111111111111111111111111000100101011111        0    
263          1111111111111111111111111111111111111111111111111000100101110011        3    
264          1111111111111111111111111111111111111111111111111000100101110011        3    
265          1111111111111111111111111111111111111111111111111111100111110011        3    
266          1111111111111111111111111111111111111111111111111111100110110011        3    
267          1111111111111111111111111111111111111111111111111111100110110011        3    
268          1111111111111111111111111111111111111111111111101111100100110011        3    
269          1111111111111111111111111111111110111011111011001111100100110011        0    
270          1111111111111111111111111111111110111011111011001111100011110011        0    
271          1111111111111111111111111111111110111011111011001111100011110011        0    
272          1111111111111111111111111111111110111011111010111111100011110011        0    
273          1111111111111111111111111111111110111011111010111111100010110011        2    
274          1111111111111111111111111111111110111010111010111111100010110011        2    
275          1111111111111111111111111111111110111010111010111111100010110011        2    
