time         game_state
0            1111111111111111111111111111111111111111111111111110011111011110        0    
1            1111111111111111111111111111111111111111111111111110111111011110        0    
2            1111111111111111111111111111111111111111111111111111011111110010        2    
3            1111111111111111111111111111111111111111111111111111011111110010        2    
4            1111111111111111111111111111111111111111001011111111011111110010        0    
5            1111111111111111111111111111111110110111001011111111111111110010        0    
6            1111111111111111111111111111111110110110100011111000011110110010        2    
7            1111111111111111111111111111111110110110100011111000011110110010        2    
8            1111111111111111111111111111111110110111111011111000111111110010        2    
9            1111111111111111111111111111111110110111111011111000101101110010        2    
10           1111111111111111111111111111111110110111110011111000101101110010        2    
11           1111111111111111111111111111111110110111110011111000101111110010        2    
12           1111111111111111111111111111111110110111101011111000101111011110        2    
13           1111111111111111111111111111111110110111101011111000101101011110        2    
14           1111111111111111111111111111111110110111100011111000101100011110        3    
15           1111111111111111111111111111111110110111100011111000101110011110        3    
16           1111111111111111111111111111111110111101100011111111101111011110        3    
17           1111111111111111111111111111111110111101100011111111101011011110        3    
18           1111111111111111111111111111111110111101110011011111101011011110        0    
19           1111111111111111111111111111111110111101110011011111101011011110        0    
20           1111111111111111111111111111111110111101110011011111101011011110        0    
21           1111111111111111111111111111111110111101111011011111101011110010        4    
22           1111111111111111111111111111111110111101111011011110101011110010        4    
23           1111101110011011110101011110010         4    
24           1111101110011011111101011110010         4    
25           1111111111111111111111111111111111111111111111111111101011110010        0    
26           1111111111111111111111111111111111111111111111111111101011110110        0    
27           1111111111111111111111111111111111111111111111111111101111110110        0    
28           1111111111111111111111111111111111111111111111111111101111110110        3    
29           1111111111111111111111111111111111111111111111111111101111110110        3    
30           1111111111111111111111111111111111111111111111111111101111111010        3    
31           1111111111111111111111111111111111111111111111111111101011111010        3    
32           1111111111111111111111111111111111111111111111111111101110111010        3    
33           1111111111111111111111111111111111111111111111111111101100111010        3    
34           1111111111011111111101100111010         0    
35           1110110011011111111101101111010         0    
36           1110110011011111111101101111010         0    
37           1110110110011111100101110111010         4    
38           1110110110011111101101110111010         4    
39           1110111111011111101101111111010         4    
40           1110111111011111110101111111010         4    
41           1111111111111111111111111111111111111111111111111110101111111010        0    
42           1111111111111111111111111111111111111111111111111110110000111010        0    
43           1111111111111111111111111111111111111111111111111110111110111010        0    
44           1111111111111111111111111111111111111111111111111110111111111010        0    
45           1111111111111111111111111111111111111111111111111110111101111010        0    
46           1111111111111111111111111111111111111111111111111110011110111010        1    
47           1111111111111111111111111111111111111111111111111110011010111010        1    
48           1111111111111111111111111111111111111111110011011110011010111010        0    
49           1111111111111111111111111111111111111111110011011111111010110110        0    
50           1111111111111111111111111111111111111111110011011111111010110110        0    
51           1111111111111111111111111111111111111111110011011111011010110110        0    
52           1111111111111111111111111111111111111111110011011111011010110110        4    
53           1111111111111111111111111111111111111111111010111111011010110010        4    
54           1111111111111111111111111111111111111111111010111111011010110010        4    
55           1111111111111111111111111111111111111111111111111111011010110010        0    
56           1111111111111111111111111111111111111111111111111111111010110010        0    
57           1111111111111111111111111111111111111111111111111111111010110010        0    
58           1111111111111111111111111111111111111111111111111111111010011110        0    
59           1111111111111111111111111111111111111111111111111111110110011110        0    
60           1111111111111111111111111111111111111111111111111111110110011110        1    
61           1111111111111111111111111111111111111111111111111111110110011110        1    
62           1111111111111111111111111111111111111111111111111111110110011010        1    
63           1111111111111111111111111111111111111111111111111111110010011010        1    
64           1111111111111111111111111111111111111111111010011111110010011010        0    
65           1111111111111111111111111111111111111111111010011111010010011010        0    
66           1111111111111111111111111111111111111111111010011110010010011010        0    
67           1111111111111111111111111111111111111111111010011111110010010110        2    
68           1111111111111111111111111111111111111111111010011101110010010110        2    
69           1111111111111111111111111111111111111111110010011101010010010110        2    
70           1111111111111111111111111111111111111111110010011101010010010110        2    
71           1111111111111111111111111111111110111111100010111101010010010110        0    
72           1111111111111111111111111111111110111111111010111100110110010010        0    
73           1111111111111111111111111111111110111011110001111100110111010010        0    
74           1111111111111111111111111111111110111011110001111100110111010010        1    
75           1111111111111111111111111111111111101111110001111100110110010010        1    
76           1111111111111111111111111111111111101111110001111100111100010010        1    
77           1111111111111111111111111111111111111111101001111100111101010010        1    
78           1111111111111111111111111111111111111111101001111100111111010010        1    
79           1111111111111111111111111111111111111111111001011100111111010010        1    
80           1111111111111111111111111111111111111111110001011101011111010110        1    
81           1111111111111111111111111111111111111111110001010111011111010110        1    
82           1111111111111111111111111111111111111111111001010111111111010110        3    
83           1111111111111111111111111111111111111111111001010111111111010110        3    
84           1111111111111111111111111111111111101111011001010111111111010110        0    
85           1111111111111111111111111111111111101111110001010110011111011010        0    
86           1111111111111111111111111111111111101111110001010111011111011010        4    
87           1111111111111111111111111111111111101111011001010111111111011010        4    
88           1111111111111111111111111111111111101111011001011110111111011010        4    
89           1111111111111111111111111111111111111111111111111110111111011010        0    
90           1111111111111111111111111111111111111111111111111110111110011010        0    
91           1111111111111111111111111111111111111111111111111110111110011010        0    
92           1111111111111111111111111111111111111111111111111110111111011010        4    
93           1111111111111111111111111111111111111111111111111110110111011010        4    
94           1111111111111111111111111111111111111111111111111110111110011010        4    
95           1111111111111111111111111111111111111111111111111110111100011010        4    
96           1111111111111111111111111111111111111111111111111110111100011010        4    
97           1111111111111111111111111111111111111111111111111110111010011010        4    
98           1111111111111111111111111111111111111111111111111110011010010110        4    
99           1111111111111111111111111111111111111111111111111110011000010110        4    
100          1111111111111111111111111111111111111111111111111101111000010110        3    
101          1111111111111111111111111111111111111111111111111101111110010110        3    
102          1111111111111111111111111111111111111111111111111101011110010010        3    
103          1111111111111111111111111111111111111111111111111101011100010010        3    
104          1101001111000011101011100010010         0    
105          1101101011000011100111100010010         0    
106          1101101011000011101111100010010         4    
107          1110111111000011101011100011110         4    
108          1110111111000011110011100011110         4    
109          1110111011000011011111100011110         4    
110          1110111011000011011111100011110         4    
111          1111111111111111111111111111111111111111111111111011111100011110        4    
112          1111111111111111111111111111111111111111111111111011011101011110        4    
113          1111111111111111111111111111111111111111111111111011011011011110        4    
114          1111111111111111111111111111111111111111111111111011011010011110        1    
115          1111111111111111111111111111111111111111111111111011011010011110        1    
116          1111111111111111111111111111111111111111111111111011011011011110        1    
117          1111111111111111111111111111111111111111111111111011011111011110        1    
118          1111111111111111111111111111111111111111110000111011011111011110        0    
119          1111111111111111111111111111111111111111110001011011011111011010        1    
120          1111111111111111111111111111111111111111110001011011011111011010        1    
121          1111111111111111111111111111111111111111110001011011011111011010        4    
122          1111111111111111111111111111111111111111110001011011011111011010        4    
123          1111111111111111111111111111111111111111110001111011011111010110        4    
124          1111111111111111111111111111111111111111111111111011011111010110        0    
125          1111111111111111111111111111111111111111111111111011011110010110        0    
126          1111111111111111111111111111111111111111111111111011011110010110        0    
127          1111111111111111111111111111111111111111111111111011011101010110        4    
128          1111111111111111111111111111111111111111111111111011011011010111        2    
129          1110101100010111011011011010111         0    
130          1110101100010111011001111011111         0    
131          1110101100010111011001111011111         3    
132          1110101110010011011001111011111         0    
133          1110101011010011010101111011111         0    
134          1110101011010011011101111110011         4    
135          1110101011010011010101111110011         4    
136          1110101011010011011101110110011         4    
137          1111111111111111111111111111111111111111111111111011101110110011        0    
138          1111111111111111111111111111111111111111111111111011001110110011        4    
139          1111111111111111111111111111111111111111111111111011001101110011        4    
140          1111111111111111111111111111111111111111111111111011001111110011        3    
141          1110111111010011011001111110011         0    
142          1110111111010011110001111011111         2    
143          1111011011010011101101111011111         2    
144          1111011011010011101101111011111         2    
145          1111011011010011111101111011011         2    
146          1111011001010111111101111011011         2    
147          1111011001010111111101101011011         2    
148          1101111001010111111001101011011         2    
149          1101111001010111111001110011011         2    
150          1101111001010111111001111011011         2    
151          1101111001010111111001111011011         2    
152          1111111010010111110101111011011         2    
153          1111111010010111110101111011111         2    
154          1111111010010111110101111011111         2    
155          1101111011001111110111111110011         2    
156          1101111011001111110111111110011         2    
157          1101111011001111110111110110011         2    
158          1111111100001111110111111110011         2    
159          1111111100001111110111101110011         2    
160          1111111100001111110111111011111         1    
161          1111111111111111111111111111111111111111110001111110111111011111        0    
162          1111111111111111111111111111111111111111111001011110111111011111        0    
163          1111111111111111111111111111111111111111111001011101111110011111        0    
164          1111111111111111111111111111111111111111110001011101111110011111        3    
165          1111111111111111111111111111111111111111110001011100111011011111        3    
166          111111010001011100111011011111          0    
167          111111011001011100111011011111          0    
168          111111011001011101111011011011          2    
169          1111111111111111111111111111111111111011011001011101111011011011        2    
170          1111111111111111111111111111111111111011011001011110111010011011        2    
171          1111111111111111111111111111111111111011001001111110111010011011        0    
172          1111111111111111111111111111111111110111001001111110111010011011        0    
173          1111111111111111111111111111111111110111001001111110111101011011        0    
174          1111111111111111111111111111111111110111000001111110111101011011        0    
175          1111111111111111111111111111111111110111000001111110111110011011        0    
176          1111111111111111111111111111111111110111000000111110111110011011        0    
177          1111111111111111111111111111111111110111111000111110111110011011        0    
178          1111111111111111111111111111111111110111111000111110101000011011        0    
179          1111111111111111111111111111111111110111110000111110101000011011        0    
180          1111111111111111111111111111111111110111110000111110101010010111        0    
181          1111111111111111111111111111111111110111101000111110101010010111        0    
182          1111111111111111111111111111111111110111101000111110101100010111        0    
183          1111111111111111111111111111111111110111101000111110101100010111        0    
184          1111111111111111111111111111111111110111100000111110101100010111        0    
185          1111111111111111111111111111111111110111100000111110101110010011        0    
186          1111111111111111111111111111111111111011100000111110101110010011        0    
187          1111111111111111111111111111111111111011100000111110101111010011        0    
188          1111111111111111111111111111111111111111100000111110101111010011        0    
189          1111111111111111111111111111111111111111100000111110101110010011        0    
190          1111111111111111111111111111111111111111100000111110101110010011        0    
191          1111111111111111111111111111111111111111101000111110101110010011        0    
192          1111111111111111111111111111111111111111101000111110101101010011        0    
193          1111111111111111111111111111111111111111110000111110101101010011        0    
194          1111111111111111111111111111111111111111110000111110101111010111        0    
195          1111111111111111111111111111111111111111111000111110101111010111        0    
196          1111111111111111111111111111111111111101111000111111110101010111        0    
197          1111111111111111111111111111111111111111100000111111110101010111        0    
198          1111111111111111111111111111111111111111100000111111110111011011        0    
199          1111111111111111111111111111111111111111101000111111110111011011        0    
200          1111111111111111111111111111111111111111101000111111110101011011        0    
201          1111111111111111111111111111111111111011101000111111110101011011        0    
202          1111111111111111111111111111111111111011001000111111110111011111        1    
203          1111111111111111111111111111111111110111001000111111110111011111        1    
204          1111111111111111111111111111111111110111001000111111111101011111        1    
205          1111111111111111111111111111111111111111111000011111111101011111        0    
206          1111111111111111111111111111111111111111110000011111111101011111        0    
207          1111111111111111111111111111111111111111110000011101111101110011        0    
208          1111111111111111111111111111111111111111111000011111111101110011        0    
209          1111111111111111111111111111111111111111111000011110111101110011        0    
210          1111111111111111111111111111111111111111110000011110111101110011        4    
211          1111111111111111111111111111111111111111110000011011111101110111        4    
212          1111111111111111111111111111111111111111111111111011111101110111        0    
213          1111111111111111111111111111111111111111111111111011111101110111        0    
214          1111111111111111111111111111111111111111111111111011110111110111        0    
215          1111111111111111111111111111111111111111111111111011110111110111        0    
216          1111111111111111111111111111111111111111111111111011110101111011        0    
217          1111111111111111111111111111111111111111111111111011110101111011        0    
218          1111111111111111111111111111111111111111111111111011110110111011        0    
219          1111111111111111111111111111111111111111111111111011110110111011        0    
220          1111111111111111111111111111111111111111111111111011110111111011        0    
221          1111111111111111111111111111111111111111111111111011110111111011        0    
222          1111111111111111111111111111111111111111111111111011110111111011        1    
223          1111111111111111111111111111111111111111111111111011101110111011        1    
224          1111111111111111111111111111111111111111111000011011101110111011        0    
225          1111111111111111111111111111111111111111110000011011101110111011        0    
226          1111111111111111111111111111111111111111110000011011101110110111        0    
227          1111111111111111111111111111111111111111111000011011101110110111        4    
228          1111111111111111111111111111111111111111111000011011101110110111        4    
229          1111111111111111111111111111111111111111111000111011101110110111        4    
230          1111111111111111111111111111111111111111110000111011101110110111        4    
231          1111111111111111111111111111111111111111110000111011101110110011        4    
232          1111111111111111111111111111111111111111111111111011101110110011        0    
233          1111111111111111111111111111111111111111111111111011101110110011        0    
234          1111111111111111111111111111111111111111111111111011101100110011        0    
235          1111111111111111111111111111111111111111111111111011101100110011        0    
236          1111111111111111111111111111111111111111111111111011101011110011        0    
237          1111111111111111111111111111111111111111111111111011101011110011        0    
238          1111111111111111111111111111111111111111111111111011101011110011        0    
239          1111111111111111111111111111111111111111111111111011101010110011        0    
240          1111111111111111111111111111111111111111111111111011101010110011        0    
241          1111111111111111111111111111111111111111111111111011101111110011        0    
242          1111111111111111111111111111111111111111111111111011101111110011        0    
243          1111111111111111111111111111111111111111111111111011101111110011        0    
244          1111111111111111111111111111111111111111111111111011101111110011        0    
245          1111111111111111111111111111111111111111111111111011101111110010        0    
246          1111111111111111111111111111111111111111111111111011101011110110        1    
247          1111111111111111111111111111111111111111111111111011101011110110        1    
248          1111111111111111111111111111111111111111111111111011101011110110        1    
249          1111111111111111111111111111111111111111111001011011101011110110        0    
250          1111111111111111111111111111111111111111111001111011101011110110        0    
251          1111111111111111111111111111111111111111110001111011101011110110        0    
252          1111111111111111111111111111111111111111110001110111101011111010        0    
253          1111111111111111111111111111111111111111110001110111101011111010        2    
254          1111111111111111111111111111111111111111110001110111101011111010        2    
255          1111111111111111111111111111111111111111110001110111101100111010        2    
256          1111111111111111111111111111111111111111110010010111101100111010        2    
257          1111111111111111111111111111111111111111110010010111101100111010        2    
258          1111111111111111111111111111111111111111110010010111101101111010        2    
259          1111111111111111111111111111111111111111100010110111101101111010        0    
260          111111100010110111101101111010          0    
261          111111101010110111101101111010          0    
262          111111101010110111101110111010          0    
263          111111101010110111101110111010          0    
264          111111110010110111101110111010          0    
265          111111110010110111101111111010          0    
266          111111110010110111101111111010          0    
267          111111111010110111101111111010          0    
268          111111111010110111110110111010          4    
269          1111111111111111111111111111111111111111111111110111110110111010        0    
270          1111111111111111111111111111111111111111111111110111110110111010        0    
271          1111111111111111111111111111111111111111111111110111110110111010        0    
272          1111111111111111111111111111111111111111111111110111110101111010        0    
273          1111111111111111111111111111111111111111111111110111110101111010        3    
274          1111111111111111111111111111111111111111111111110111110101111010        3    
275          1111111111111111111111111111111111111111111111110111110010111010        3    
276          1111111111111111111111111111111111111111111111110111110010111010        3    
277          1111111111111111111111111111111111111111111111110111110010111010        3    
278          1111111111111111111111111111111111111111111111110111110010110110        3    
279          1111011111011110111110010110110         0    
280          1111011011011110111110010110110         0    
281          1111111011011110111110010110110         0    
282          1111111011011110111110010110110         0    
283          1111110111011110110110010110110         4    
284          1111110110011110110110010110110         4    
285          1111110110011110111110010110010         4    
286          1111110010011110111110010110010         4    
287          1111111111011110111110010110010         4    
288          1111111111011111100110010110010         4    
289          1111111111111111111111111111111111111111111111111100110010110010        0    
290          1111111111111111111111111111111111111111111111111100110010110010        0    
291          1111111111111111111111111111111111111111111111111100110010110010        0    
292          1111111111111111111111111111111111111111111111111100111110011110        1    
293          1111111111111111111111111111111111111111111111111100111110011110        1    
294          1111111111111111111111111111111111111111111111111100111110011110        1    
295          1111111111111111111111111111111111111111111111111100111110011110        1    
296          1111111111111111111111111111111111111111111111111100111110011110        1    
297          1111111111111111111111111111111111111111111111111100111010011010        1    
298          1111111111111111111111111111111111111111111100011100111010011010        0    
299          1111111111111111111111111111111111111111111100111100111010011010        0    
300          1111111111111111111111111111111111111111110100111100111010011010        0    
301          1111111111111111111111111111111111111111110100110111111010011010        3    
302          1111110010100110111111010011010         0    
303          1101110010100110111011010011010         0    
304          1101010010100110111011010011010         4    
305          1101010010100111101011010010110         4    
306          1111111111111111111111111111111111111111111111111101011010010110        0    
307          1111111111111111111111111111111111111111111111111101111010010110        0    
308          1111111111111111111111111111111111111111111111111101111010010110        0    
309          1111111111111111111111111111111111111111111111111101111010010110        0    
310          1111111111111111111111111111111111111111111111111110011010010110        0    
311          1111111111111111111111111111111111111111111111111110011010010110        0    
312          1111111111111111111111111111111111111111111111111110010110010010        4    
313          1111111111111111111111111111111111111111111111111110110110010010        4    
314          1111111111111111111111111111111111111111111111111110110110010010        4    
315          1111111111111111111111111111111111111111111111111110110111010010        4    
316          1111111111111111111111111111111111111111111111111111010111010010        4    
317          1111111111111111111111111111111111111111111111111111010111010010        4    
318          1111111111111111111111111111111111111111111111111111010110010010        4    
319          1111111111111111111111111111111111111111111111111111110110010010        4    
320          1111111111111111111111111111111111111111111111111111110110010010        4    
321          1111111111111111111111111111111111111111111111111111110101010010        4    
322          1111111111111111111111111111111111111111111111111000010101010010        3    
323          1111111111111111111111111111111111111111111111111000011111010010        3    
324          1111111111111111111111111111111111111111111111111000111111010010        3    
325          1111111111111111111111111111111111111111111111111000111111010010        3    
326          1111111111111111111111111111111111111111111111111000111101011110        3    
327          1111111111111111111111111111111110011111110100111000111101011110        0    
328          1111111111111111111111111111111110011111110100111001011101011110        3    
329          1111111111111111111111111111111110011111110100111001011101011110        4    
330          1111111111111111111111111111111110011111110100111001011101011110        4    
331          1111111111111111111111111111111110011110110100111001111101011110        4    
332          1111111111111111111111111111111110010110110100111001111101011110        4    
333          1111111111111111111111111111111110010110110100111011111101011010        4    
334          1111111111111111111111111111111110010110110100111010011101011010        4    
335          1111111111111111111111111111111110010110111100111010011101011010        4    
336          1111111111111111111111111111111110010110111100111011011101011010        4    
337          1111111111111111111111111111111111111111111111111011011101011010        4    
338          1111111111111111111111111111111111111111111111111011011101011010        4    
339          1111111111111111111111111111111111111111111111111011011101011010        4    
340          1111111111111111111111111111111111111111111111111011011111010110        4    
341          1111111111111111111111111111111111111111111111111011011111010110        4    
342          1111111111111111111111111111111111111111111111111011011111010110        4    
343          1111111111111111111111111111111111111111111111111011011101010110        4    
344          1111111111111111111111111111111111111111111111111011011101010110        4    
345          1111111111111111111111111111111111111111111111111011011101010110        4    
346          1111111111111111111111111111111111111111111111111011010111010010        4    
347          1111111111111111111111111111111111111111111111111011110111010010        3    
348          1111111111111111111111111111111111111111111111111011110111010010        3    
349          1111111111111111111111111111111111111111111111111011110110010010        3    
350          1111111111111111111111111111111111111111111111111011010110010010        3    
351          1111111111111111111111111111111111111111111111111011010111010010        3    
352          1111111111111111111111111111111110110111110101011011010111010010        0    
353          1111111111111111111111111111111110110111110101011011110111010010        0    
354          1111111111111111111111111111111110110111111101011011110111010010        3    
355          1111111111111111111111111111111110110111111101011100111010010010        3    
356          1111111111111111111111111111111111010111111101011100011010010010        3    
357          1111111111111111111111111111111111010111110101011100011010010010        2    
358          1111111111111111111111111111111111010111110101011101011010010110        2    
359          1111111111111111111111111111111111010111110101111101011010010110        2    
360          1111111111111111111111111111111111010111111101111101011010010110        2    
361          1111111111111111111111111111111111010111111101111110011010010110        2    
362          1111111111111111111111111111111111010111111101111110011010010110        0    
363          1111111111111111111111111111111111110111111101111110011010010110        0    
364          1111111111111111111111111111111111110111110101111110011010010110        0    
365          1111111111111111111111111111111111110111110101111110011101010110        2    
366          1111111111111111111111111111111111110111010101111110011101010110        2    
367          1111111111111111111111111111111111110111001110111110011101010110        2    
368          1111111111111111111111111111111111110111001110111110011110010110        2    
369          1111111111111111111111111111111111110101101110111111111110010110        2    
370          1111111111111111111111111111111111111101101110111111111110010110        2    
371          1111111111111111111111111111111111111101101110111111111011010110        2    
372          1111111111111111111111111111111111111101001110111111011011010110        2    
373          1111111111111111111111111111111111111101001110111111011011010110        2    
374          1111111111111111111111111111111111111101001110111111011011011010        2    
375          1111111111111111111111111111111111111101101110111110111011011010        4    
376          1111111111111111111111111111111111100101101110111110111011011010        4    
377          1111111111111111111111111111111111100101101110111110111111011010        4    
378          1111111111111111111111111111111111111111111111111110111111011010        0    
379          1111111111111111111111111111111111111111111111111110011111011010        0    
380          1111111111111111111111111111111111111111111111111110011111011010        0    
381          1111111111111111111111111111111111111111111111111110011011011110        0    
382          1111111111111111111111111111111111111111111111111111111011011110        0    
383          1111111111111111111111111111111111111111111111111111111011011110        0    
384          1111111111111111111111111111111111111111111111111111111010011110        4    
385          1111111111111111111111111111111111111111111111111111011010011110        4    
386          1111111111111111111111111111111111111111111111111111011010011110        4    
387          1111111111111111111111111111111111111111111111111111011111011110        4    
388          1111111111111111111111111111111111111111111111111110111111011110        1    
389          1111111111111111111111111111111111111111111111111110111111011110        1    
390          1111111111111111111111111111111111111111111111111110111100011110        1    
391          1111111111111111111111111111111111111111111111111110111100011110        1    
392          1111111111111111111111111111111111111111111111111110111100011110        1    
393          1111111111111111111111111111111111111111111111111110111010011110        1    
394          1111111111111111111111111111111111111111111110011110111010011110        0    
395          1111111111111111111111111111111111111111111110111110111010011110        1    
396          1111111111111111111111111111111111111111111110111101111010010010        1    
397          1111111111111111111111111111111111111111111110111101111010010010        1    
398          1111111111111111111111111111111111111111111110111101111010010010        1    
399          1111111111111111111111111111111111111111111110111100111010010010        2    
400          1111111111111111111111111111111111111111111110111101011010010010        2    
401          1111111111111111111111111111111111111111110110111101011010010010        2    
402          1111111111111111111111111111111111111111110110111111011011010010        2    
403          1111111111111111111111111111111111101101100110111111011011010010        0    
404          1111111111111111111111111111111111111101100110111111111011010010        0    
405          1111111111111111111111111111111111111101111110111111111011010010        0    
406          1111111111111111111111111111111111111101111110111111111110010010        1    
407          1111111111111111111111111111111111101101111110111111011110010010        1    
408          1111111111111111111111111111111111101101110110111111011110010010        1    
409          1111111111111111111111111111111111101101110110111111011111010010        1    
410          1111111111111111111111111111111111111111110110111111011111010010        0    
411          1111111111111111111111111111111111111111110110111111111111010010        0    
412          1111111111111111111111111111111111111111111110111111111111010010        0    
413          1111111111111111111111111111111111111111111110111110111111010110        0    
414          1111111111111111111111111111111111111111111111011110111111010110        1    
415          1111111111111111111111111111111111111111111111011110111111010110        1    
416          1111111111111111111111111111111111111111111111011111111111010110        1    
417          1111111111111111111111111111111111111111111111011111111111010110        4    
418          1111111111111111111111111111111111111111111111011111111111010110        4    
419          1111111111111111111111111111111111111111111111011110111111011010        4    
420          1111111111111111111111111111111111111111111111111110111111011010        0    
421          1111111111111111111111111111111111111111111111111110111111011010        0    
422          1111111111111111111111111111111111111111111111111110111111011010        0    
423          1111111111111111111111111111111111111111111111111110111111011010        0    
424          1111111111111111111111111111111111111111111111111110011111011010        1    
425          1111111111111111111111111111111111111111111111111110011110011010        1    
426          1111111111111111111111111111111111111111111111111110011110011010        0    
427          1111111111111111111111111111111111111111111111111101111110011010        0    
428          1111111111111111111111111111111111111111111111111101111110011010        0    
429          1111111111111111111111111111111111111111111111110111111111011010        0    
430          1111111111111111111111111111111111111111111111110111011111011010        1    
431          1111111111111111111111111111111111111111111111110111011111011010        1    
432          1111111111111111111111111111111111111111111111110111011110011010        2    
433          1111111111111111111111111111111111111111111111110110111110011010        2    
434          1111111111111111111111111111111111111111111111110110111110011010        2    
435          1111111111111111111111111111111111111111111111110101111110011010        2    
436          1111111111111111111111111111111111001001101111110101111110011010        0    
437          1111001101111110101011110011010         0    
438          1111101101111110101011110011010         0    
439          1111101101111110101011110010110         0    
440          1110001101111110111111110010110         2    
441          1110001101111110111111110010110         2    
442          1010001101111110111011110010110         2    
443          1010101101111110111011110010110         2    
444          1010101101111110111011110010010         2    
445          1010101001111110111111110010010         3    
446          1010101000111110111111110010010         3    
447          1010101000111110111111110010010         3    
448          1010101100111110111011110010010         3    
449          1010101111111110111011110010010         3    
