time         game_state
0            1111111111111111111111111111111111111111111111111110011111011110        0    
1            1111111111111111111111111111111111111111111111111110111111011110        0    
2            1111111111111111111111111111111111111111111111111110111111011110        0    
3            1111111111111111111111111111111111111111111111111111011111110010        0    
4            1111111111111111111111111111111111111111111111111111011111110010        2    
5            1111111111111111111111111111111111111111001011111111011111110010        0    
6            1111111111111111111111111111111110110111001011111111111111110010        0    
7            1111111111111111111111111111111110110111001011111111111111110010        0    
8            1111111111111111111111111111111110110110100011111000011110110010        1    
9            1111111111111111111111111111111110110110100011111000011110110010        1    
10           1111111111111111111111111111111110110111111011111000111111110010        1    
11           1111111111111111111111111111111110110111111011111000101101110010        1    
12           1111111111111111111111111111111111111111111011111000101101110010        0    
13           1111111111111111111111111111111111111111110011111000101101110010        0    
14           1111111111111111111111111111111111111111110011111111101101110010        0    
15           1111111111111111111111111111111111111111111011011111101101011110        2    
16           1111111111111111111111111111111111111111111011011110101101011110        2    
17           1111111111111111111111111111111111111111110011011110101100011110        2    
18           1111111111111111111111111111111111111111110011011101101100011110        2    
19           1111111111111111111111111111111110110101100011111101101100011110        0    
20           1111111111111111111111111111111111111101100011110111101011011110        0    
21           1111111111111111111111111111111111111101100011110111101011011110        0    
22           1111111111111111111111111111111111111101100011110111101111011110        0    
23           1111111111111111111111111111111111111101101011110111101111110010        0    
24           1111111111111111111111111111111111111101101011110111101111110010        0    
25           1111111111111111111111111111111111111101110011110111101110110010        0    
26           1111111111111111111111111111111111111101110011110111101010110010        0    
27           111101111011110111101001110010          0    
28           111101111011110111101011110010          0    
29           111110100011110111101010110010          0    
30           111110100011110111101100110010          3    
31           111110101011110111101100110010          3    
32           111110101011110111101110110010          3    
33           111110111011110111101110110010          0    
34           111111011011110111101110110110          0    
35           111111011011110111101110110110          0    
36           110111111011110111101110110110          4    
37           110111111011110111101110110110          4    
38           110110010011111111101110111010          4    
39           110110010011111000101110111010          4    
40           1111111111111111111111111111111111111111111111111000101110111010        0    
41           1111111111111111111111111111111111111111111111111000101111111010        0    
42           1111111111111111111111111111111111111111111111111000101111111010        0    
43           1111111111111111111111111111111111111111111111111000101110111010        0    
44           1111111111111111111111111111111111111111111111111000101110111010        0    
45           1111111111111111111111111111111111111111111111111000101111111010        0    
46           1111111111111111111111111111111111111111111111111000101101111010        0    
47           1111111111111111111111111111111111111111111111111000101101110110        0    
48           1111111111111111111111111111111111111111111111111000100111110110        0    
49           1111111111111111111111111111111111111111111111111111100111110110        0    
50           1111111111111111111111111111111111111111111111111111100101110110        0    
51           1111111111111111111111111111111111111111111111111111100101110010        2    
52           1111111111111111111111111111111111111111111111111111100111110010        2    
53           111101100011111111100111110010          0    
54           111101101010111111100111110010          0    
55           111101101010111111100101110010          0    
56           111111110010111111100100110010          3    
57           111111110010111111100110110010          3    
58           111111111010111000100111110010          3    
59           111111111010111000101011110010          3    
60           111111111010111000101011110010          0    
61           1111110010010111000101010110010         0    
62           1111110010010111001101010110010         0    
63           1111110011010111001101001110010         4    
64           1111110011010111011101001110010         4    
65           1111011111010111011101001110010         4    
66           1111011111010111011101001110010         4    
67           1111111111111111111111111111111111111111111111111011101001110010        0    
68           1111111111111111111111111111111111111111111111111011101001110110        0    
69           1111111111111111111111111111111111111111111111111011100111110110        0    
70           1111111111111111111111111111111111111111111111111011100101110110        0    
71           1111111111111111111111111111111111111111111111111011100101111010        0    
72           1111111111111111111111111111111111111111111111111011100011111010        0    
73           1111111111111111111111111111111111111111111111111011100011111010        3    
74           1111111111111111111111111111111111111111111111111011100001111010        3    
75           1111001110011111011100001111010         0    
76           1111101110011111011100001111110         0    
77           1111101110011111110100001111110         0    
78           1111111111111111111111111111111110101101111100011110100001111110        4    
79           1111111111111111111111111111111110101101111100011111100001111110        4    
80           1111111111111111111111111111111110101111110100011111100010111110        4    
81           1111111111111111111111111111111110101111110100011110100010111110        4    
82           1111111111111111111111111111111111111111111111111110100010111110        0    
83           1111111111111111111111111111111111111111111111111110100011111110        0    
84           1111111111111111111111111111111111111111111111111110011111111110        0    
85           1111111111111111111111111111111111111111111111111111111110111110        1    
86           1111111111111111111111111111111111111111111111111111111100111110        1    
87           1111111111111111111111111111111111111111111111111111011101111110        1    
88           1111111111111111111111111111111111111111111111111111011111111110        1    
89           1111111111111111111111111111111111111111110100111111011111111110        0    
90           1111111111111111111111111111111111111111111100111101111111111110        0    
91           1111111111111111111111111111111111111111110100111101011111111010        0    
92           1111111111111111111111111111111111111111110100111100011111111010        4    
93           1111111111111111111111111111111111111111111100111111111111111010        4    
94           1111111111111111111111111111111111111111111100111111111111111010        4    
95           1111111111111111111111111111111111111111111111111111111111111010        0    
96           1111111111111111111111111111111111111111111111111111011110111010        0    
97           1111111111111111111111111111111111111111111111111111011110111010        0    
98           1111111111111111111111111111111111111111111111111111111111111010        0    
99           1111111111111111111111111111111111111111111111111111110111111010        0    
100          1111111111111111111111111111111111111111111111111111011110111010        1    
101          1111111111111111111111111111111111111111111111111111011100111010        1    
102          1111111111111111111111111111111111111111111111111111111100110110        1    
103          1111111111111111111111111111111111111111111111111111111010110110        1    
104          1111111111111111111111111111111111111111110100111111111010110110        0    
105          1111111111111111111111111111111111111111111100111111011010110110        0    
106          1111111111111111111111111111111111111111111100111111011010110110        0    
107          1111111111111111111111111111111111111111110100111110111010110010        0    
108          1111111111111111111111111111111111111111110100111101111010110010        0    
109          1111111111111111111111111111111111111111111100111101111010110010        2    
110          1111111111111111111111111111111111111111111100111100111010110010        2    
111          1110111001100111100111010110010         0    
112          1110111000101111100111011110010         0    
113          1110111000101111100111101110010         0    
114          1111111111111111111111111111111110010111111101111100111110110010        0    
115          1111111111111111111111111111111110010111111101111100111110110010        0    
116          1111111111111111111111111111111110010111110101111101011111110010        0    
117          1111111111111111111111111111111110010111110101111101011011110010        0    
118          1111111111111111111111111111111110010101101101111101111011011110        0    
119          1111111111111111111111111111111110010101101101111101111011011110        0    
120          1111111111111111111111111111111110010101100101111110011011011110        0    
121          1111111111111111111111111111111110010101100101111110011111011110        0    
122          1111111111111111111111111111111110010101011101111110111111011010        0    
123          1111111111111111111111111111111110010101011101111110111111011010        0    
124          1111111111111111111111111111111110010101110101111110111110011010        0    
125          1111111111111111111111111111111110010101110101111110101010011010        0    
126          1111111111111111111111111111111110010111001101111110101001011010        0    
127          1111111111111111111111111111111110010111001101111110101011011010        0    
128          1111111111111111111111111111111110011111101110111110101010011010        0    
129          1111111111111111111111111111111110011111101110111110101100011010        0    
130          1111111111111111111111111111111110011111001110111111101100011010        0    
131          1111111111111111111111111111111110011111001110111111101110011010        0    
132          1111111111111111111111111111111110100111101110111111101110010110        0    
133          1111111111111111111111111111111110100111101110111111101000010110        0    
134          1111111111111111111111111111111110101001010110111000101000010110        0    
135          1111111111111111111111111111111110101001010110111000101010010110        0    
136          1111111111111111111111111111111110101001111110111000101010010010        0    
137          1111111111111111111111111111111110101001111110111000101100010010        3    
138          1111111111111111111111111111111110101001100110111001101111010010        3    
139          1111111111111111111111111111111110101001110110011001101111010010        0    
140          1111111111111111111111111111111110101001111110011001101110010010        0    
141          1111111111111111111111111111111110101001111110011001101110010010        0    
142          1111111111111111111111111111111110101111111110011011101111010010        2    
143          1111111111111111111111111111111110101111111110011010101111010010        2    
144          1111111111111111111111111111111110101011111110011010101111010110        2    
145          1111111111111111111111111111111110101011111110011011101111010110        2    
146          1111111111111111111111111111111110101011101110111011101111010110        0    
147          1111111111111111111111111111111110101111101110111011101111010110        0    
148          1111111111111111111111111111111110101111101110111011110101010110        0    
149          1111111111111111111111111111111110101111110110111011110101011010        0    
150          1111111111111111111111111111111110101111110110111011110111011010        1    
151          1111111111111111111111111111111110111111111110111011110111011010        1    
152          1111111111111111111111111111111110111111111110111011110101011010        1    
153          1111111111111111111111111111111111111111111110011011110101011010        0    
154          1111111111111111111111111111111111111111110110111011110101011110        0    
155          1111111111111111111111111111111111111111110110111011110101011110        0    
156          1111111111111111111111111111111111111111111110111011110101011110        2    
157          1111111111111111111111111111111111111111111110111011110101011110        2    
158          1111111111111111111111111111111111111111110110111100110101110010        2    
159          1111111111111111111111111111111110111110010110111100110101110010        0    
160          1111111111111111111111111111111110111110111110111100110101110010        0    
161          1111111111111111111111111111111110111110111110111100110111110010        0    
162          1111111111111111111111111111111110111111100110111101110111110110        0    
163          1111111111111111111111111111111110111111100110111101111101110111        4    
164          1111111111111111111111111111111111111111111111111101111101110111        0    
165          1111111111111111111111111111111111111111111111111101110111110111        3    
166          1111111111111111111111111111111111111111111111111101110101110111        3    
167          1111111111111111111111111111111110111111110110111101110101110111        0    
168          1111111111111111111111111111111110111111110110111101110101110111        0    
169          1111111111111111111111111111111110111111110110111101110101110111        0    
170          1111111111111111111111111111111110111111110110111111110101110111        2    
171          1111111111111111111111111111111110111111110110111111110101110111        2    
172          1111111111111111111111111111111110111111100110111111110101110111        0    
173          1111111111111111111111111111111111110111100011111111110101110111        0    
174          1111111111111111111111111111111111110111100011111111110101111011        0    
175          1111111111111111111111111111111111110111100011111111110111111011        0    
176          1111111111111111111111111111111111110111100011111111110111111011        3    
177          1111111111111111111111111111111111110111100011111111111101111011        3    
178          1111111111111111111111111111111111110111110011111111111101111011        0    
179          1111111111111111111111111111111111110111110011111111111101111011        0    
180          1111111111111111111111111111111111110111110011111111111101111011        0    
181          1111111111111111111111111111111111111110110011111111111110111011        4    
182          1111111111111111111111111111111111111110110011111111111110111011        4    
183          1111111111111111111111111111111111111110110011111101111110111011        4    
184          1111111111111111111111111111111111111110110011111110111110111011        4    
185          1111111111111111111111111111111111111111111111111110111110111011        0    
186          1111111111111111111111111111111111111111111111111110111110111011        0    
187          1111111111111111111111111111111111111111111111111110110110111011        0    
188          1111111111111111111111111111111111111111111111111110110111111011        0    
189          1111111111111111111111111111111111111111111111111110110111111011        0    
190          1111111111111111111111111111111111111111111111111110110111111011        0    
191          1111111111111111111111111111111111111111111111111110110111111011        0    
192          1111111111111111111111111111111111111111111111111110110111111011        0    
193          1111111111111111111111111111111111111111111111111110110111111011        0    
194          1111111111111111111111111111111111111111111111111110111000111011        0    
195          1111111111111111111111111111111111111111111111111111111000111011        0    
196          1111111111111111111111111111111111111111111111111111101110111011        0    
197          1111111111111111111111111111111111111111111111111111101110111011        0    
198          1111111111111111111111111111111111111111111111111111101100111011        0    
199          1111111111111111111111111111111111111111111111111110101100111011        0    
200          1111111111111111111111111111111111111111111111111110101010110111        0    
201          1111111111111111111111111111111111111111111111111110101010110111        0    
202          1111111111111111111111111111111111111111111111111110101000110111        0    
203          1111111111111111111111111111111111111111111111111110101000110111        0    
204          1111111111111111111111111111111111111111111111111110101110110111        0    
205          1111111111111111111111111111111111111111111111111110101110110111        0    
206          1111111111111111111111111111111111111111111111111110101100110111        0    
207          1111111111111111111111111111111111111111111111111110101100110111        0    
208          1111111111111111111111111111111111111111111111111110101010110111        0    
209          1111111111111111111111111111111111111111111111111111101010110111        0    
210          1111111111111111111111111111111111111111111111111111101000110111        0    
211          1111111111111111111111111111111111111111111111111111101000110111        0    
212          1111111111111111111111111111111111111111111111111111101000110011        0    
213          1111111111111111111111111111111111111111111111111111111110110011        0    
214          1111111111111111111111111111111111111111111111111110011110110011        0    
215          1111111111111111111111111111111111111111111111111110011100110011        0    
216          1111111111111111111111111111111111111111111111111110111100110011        0    
217          1111111111111111111111111111111111111111111111111110111010110011        0    
218          1111111111111111111111111111111111111111111111111110111010110011        0    
219          1111111111111111111111111111111111111111111111111110111010110011        0    
220          1111111111111111111111111111111111111111111111111110111000110011        0    
221          1111111111111111111111111111111111111111111111111110111000110011        0    
222          1111111111111111111111111111111111111111111111111110111110110011        0    
223          1111111111111111111111111111111111111111111111111110011110110011        0    
224          1111111111111111111111111111111111111111111111111110011100110011        0    
225          1111111111111111111111111111111111111111111111111111111101110011        0    
226          1111111111111111111111111111111111111111111111111111111011110011        0    
227          1111111111111111111111111111111111111111111111111111011011110011        0    
228          1111111111111111111111111111111111111111111111111111011001110011        0    
229          1111111111111111111111111111111111111111111111111110111001110011        0    
230          1111111111111111111111111111111111111111111111111110101111110011        0    
231          1111111111111111111111111111111111111111111111111110101110110011        0    
232          1111111111111111111111111111111111111111111111111110001110110011        0    
233          1111111111111111111111111111111111111111111111111110001110110011        0    
234          1111111111111111111111111111111111111111111111111110001110110011        0    
235          1111111111111111111111111111111111111111111111111110001010110011        0    
236          1111111111111111111111111111111111111111111111111110001010110011        0    
237          1111111111111111111111111111111111111111111111111110001010110011        0    
238          1111111111111111111111111111111111111111111111111110001011110011        0    
239          1111111111111111111111111111111111111111111111111110101011110011        0    
240          1111111111111111111111111111111111111111111111111110101111110011        0    
241          1111111111111111111111111111111111111111111111111111001111110011        0    
242          1111111111111111111111111111111111111111111111111111001111110011        1    
243          1111111111111111111111111111111111111111111111111111101111110011        1    
244          1111111111111111111111111111111111111111111111111111101011110011        1    
245          1111111111111111111111111111111111111111110011111111101011110011        0    
246          1111111111111111111111111111111111111111110011111110001011110011        0    
247          1111111111111111111111111111111111111111110011111101001011110011        0    
248          1111111111111111111111111111111111111111110011111101101011110011        0    
249          1111111111111111111111111111111111111111110011111100101011110011        2    
250          1111111111111111111111111111111111111111110011111100101011110011        2    
251          1111111111111111111111111111111111111111111011111011101011110111        2    
252          1111011101011111011101011110111         0    
253          1111111111111111111111111111111111001011101011111011101011110111        0    
254          1111111111111111111111111111111111001011101011111011101111110111        0    
255          1111111111111111111111111111111111011011101011111011001111110111        0    
256          1111111111111111111111111111111111011011101011111011001111110111        0    
257          1111111111111111111111111111111111101011101011111111101111110111        0    
258          1111111111111111111111111111111111101011100011111111101111110111        0    
259          1111111111111111111111111111111111101011100011111111101011110111        0    
260          1111111111111111111111111111111111111011100011111111001011110111        0    
261          1111111111111111111111111111111111111011100011111111001011110111        1    
262          1111111111111111111111111111111111001011100010111111001011110111        1    
263          1111111111111111111111111111111111001011100010111111001111110111        1    
264          1111111111111111111111111111111111111111110010111111001111110111        0    
265          1111111111111111111111111111111111111111110010111111101111110111        0    
266          1111111111111111111111111111111111111111111010111111101111111011        0    
267          1111111111111111111111111111111111111111111010111110101111111011        2    
268          1111111111111111111111111111111111111111111010111110001111111011        2    
269          1111111111111111111111111111111111111111111010111111001111111011        2    
270          1111111111111111111111111111111111111111111010111101101111111011        2    
271          1111111111111111111111111111111111111111111010111101101111111011        2    
272          1111111111111111111111111111111111101011011010111101101111111011        0    
273          1111111111111111111111111111111111101011110010111101001100111011        0    
274          1111111111111111111111111111111111101011110010111101001110111011        0    
275          1111111111111111111111111111111111101011010010111100101110111011        0    
276          1111111111111111111111111111111111101011010010111100111100111011        0    
277          1111111111111111111111111111111111111011010011111100111100111011        0    
278          1111111111111111111111111111111111111011010011111100111110111011        0    
279          1001011001011111100111111111011         0    
280          1001011001011111100111101111011         0    
281          1011011001011111100111101111011         0    
282          1011011001011111100111111111011         0    
283          1101011001011111100111111111011         0    
284          1101011001011111100111101111011         1    
285          1101111001011111100111110111011         1    
286          1111111001100111100111110111011         1    
287          1111111001100111100111110111011         1    
288          1111111111111111111111111111111111111111111100011100111110111011        0    
289          1111111111111111111111111111111111111111111100011100111110111011        0    
290          1111111111111111111111111111111111111111111100010111111110111011        0    
291          1111111111111111111111111111111111111111111100110111111110111011        0    
292          1111111111111111111111111111111111111111111100110110111110111011        0    
293          1111111111111111111111111111111111111111111100110110111110111011        0    
294          1111111111111111111111111111111111111111111100110111011110111011        0    
295          1111111111111111111111111111111111111111111100110111011110111010        0    
296          1111111111111111111111111111111111111111111100110101011110111010        3    
297          1011001111100110101011110111010         0    
298          1011001011100110101111110111010         0    
299          1111101011100110101111110111110         0    
300          1111101011100110111111110111110         0    
301          1111001111100110110011110111110         0    
302          1111001111100110111011110111110         4    
303          1111001010100110111111111111110         4    
304          1111001010100111110111111111110         4    
305          1111111111111111111111111111111111111111111111111110111111111110        0    
306          1111111111111111111111111111111111111111111111111111011010111110        0    
307          1111111111111111111111111111111111111111111111111111011000111110        0    
308          1111111111111111111111111111111111111111111111111111111001111110        0    
309          1111111111111111111111111111111111111111111111111111110111111110        0    
310          1111111111111111111111111111111111111111111111111000010111111110        0    
311          1111111111111111111111111111111111111111111111111000010110111110        0    
312          1111111111111111111111111111111111111111111111111000010110111110        0    
313          1111111111111111111111111111111111111111111111111000110111111110        0    
314          1111111111111111111111111111111111111111111111111000110011111110        0    
315          1111111111111111111111111111111111111111111111111001010110111110        0    
316          1111111111111111111111111111111111111111111111111001010100111110        0    
317          1111111111111111111111111111111111111111111111111001110101111110        0    
318          1111111111111111111111111111111111111111111111111001111111111110        0    
319          1111111111111111111111111111111111111111111111111010011111111110        3    
320          1111111111111111111111111111111111111111111111111010011101111110        3    
321          1111111111111111111111111111111111001110110100111010011101111110        0    
322          1111111111111111111111111111111111010101110100111010011101111010        0    
323          1111111111111111111111111111111111010101110100111011011101111010        4    
324          1111111111111111111111111111111111010101110101011011011101111010        4    
325          1111111111111111111111111111111111010101110101011010011101111010        4    
326          1111111111111111111111111111111111011100110101011010011101110110        4    
327          1111111111111111111111111111111111011100110101011011011101110110        4    
328          1111111111111111111111111111111111111111111111111011011101110110        0    
329          1111111111111111111111111111111111111111111111111011111101110110        0    
330          1111111111111111111111111111111111111111111111111011111111110110        0    
331          1111111111111111111111111111111111111111111111111011011111110110        1    
332          1111111111111111111111111111111111111111111111111011011111110010        1    
333          1111111111111111111111111111111111111111111111111011011101110010        1    
334          1111111111111111111111111111111111111111111111111011111101110010        1    
335          1111111111111111111111111111111111111111111111111011110111110010        1    
336          1111111111111111111111111111111111111111110101011011110111110010        0    
337          1111111111111111111111111111111111111111110101011011010110110010        0    
338          1111111111111111111111111111111111111111110101011010010110110010        0    
339          1111111111111111111111111111111111111111110101111010010111110010        4    
340          1111111111111111111111111111111111111111110101111001010111110010        4    
341          1111111111111111111111111111111111111111111101111001011110110010        4    
342          1111111111111111111111111111111111111111111101111000011110110010        4    
343          1111111111111111111111111111111111111111111111111000011110110010        0    
344          1111111111111111111111111111111111111111111111111000011110110010        0    
345          1111111111111111111111111111111111111111111111111000011110011110        0    
346          1111111111111111111111111111111111111111111111111000011100011110        0    
347          1111111111111111111111111111111111111111111111111111111100011110        1    
348          1111111111111111111111111111111111111111111111111111111010011111        1    
349          1111111111111111111111111111111111111111111110011111111010011111        0    
350          1111111111111111111111111111111111111111111110010111111010011111        0    
351          1111111111111111111111111111111111111111111110010111111010011111        2    
352          1111111111111111111111111111111111111111111110010111011010011011        2    
353          1111111111111111111111111111111111111111111110010111011010011011        2    
354          1111111111111111111111111111111111111110111110110111011010011011        0    
355          1111111111111111111111111111111111111110111110110111011100011011        0    
356          1111111111111111111111111111111111100110111110110111111110011011        0    
357          1111111111111111111111111111111111100110111110110111111000011011        3    
358          1111111111111111111111111111111111100110111110110111111010011011        3    
359          1111111111111111111111111111111111100111011101110111111010010111        3    
360          1111111111111111111111111111111111100111011101110111111100010111        3    
361          1111111111111111111111111111111111100111011101110111111100010111        0    
362          1111111111111111111111111111111111100111011101110110111100010111        2    
363          1111111111111111111111111111111111100111011101110111111100010111        2    
364          1111111111111111111111111111111111100111110101110111111100010111        2    
365          1111111111111111111111111111111111100111110101111110111100010111        2    
366          1111111111111111111111111111111111100111110101111110111100010111        0    
367          1111111111111111111111111111111111100111110101111110111110010111        0    
368          1111111111111111111111111111111111100111110101111110111111011111        0    
369          1111111111111111111111111111111111101000001101111110111111011111        0    
370          1111111111111111111111111111111111101000001101111110111111011111        0    
371          1111111111111111111111111111111111101000001101111110111111110011        0    
372          1111111111111111111111111111111111101000001101111110111111110011        1    
373          1111111111111111111111111111111111111100101101111110011111110011        1    
374          1111111111111111111111111111111111111100101101111110011110110011        1    
375          1111111111111111111111111111111111111100101101111110011111110011        4    
376          1111111111111111111111111111111111111111111111111110011111110011        0    
377          1111111111111111111111111111111111111111111111111110011101110011        0    
378          1111111111111111111111111111111111111111111111111101111101110011        0    
379          1111111111111111111111111111111111111111111111111101111111011111        0    
380          1111111111111111111111111111111111111111111111111101111101011111        0    
381          1111111111111111111111111111111111111111111111111101011111011011        0    
382          1111111111111111111111111111111111111111111111111101011101011011        0    
383          1111111111111111111111111111111111111111111111111101001110011011        1    
384          1111111111111111111111111111111111111111111111111100101111011011        1    
385          1111111111111111111111111111111111111111110101011100101111011011        0    
386          1111111111111111111111111111111111111111110101010111101111011011        0    
387          1111111111111111111111111111111111111111110101010110101111011111        2    
388          1111111111111111111111111111111111111111111101010110101111011111        2    
389          1111111111111111111111111111111111111111111101010101101111011111        2    
390          1111111111111111111111111111111111111110111101110101101111011111        0    
391          1111111111111111111111111111111111111110111101110101101111110011        0    
392          1111111111111111111111111111111111111110111101110101111111110011        0    
393          1111111111111111111111111111111111111111100100110101111111110011        0    
394          1111111111111111111111111111111111111111100100110101111110110011        0    
395          1111111111111111111111111111111111111111100100110101111101110011        0    
396          1111111111111111111111111111111111111111100100110101111111110011        0    
397          1111111111111111111111111111111111111111101100110101111111110011        0    
398          1111111111111111111111111111111111111111101100110101111101011111        4    
399          1111111111111111111111111111111111111111111111110101111101011111        0    
400          1111111111111111111111111111111111111111111111110101111110011111        0    
401          1111111111111111111111111111111111111111111111110101111111011111        0    
402          1111111111111111111111111111111111111111111111110101111111011111        0    
403          1111111111111111111111111111111111111111111111110101111011011011        0    
404          1111111111111111111111111111111111111111111111110101111011011011        0    
405          1111111111111111111111111111111111111111111111110101101111010111        1    
406          1111111111111111111111111111111111111111111111110101101111010111        1    
407          1111111111111111111111111111111111111111111111110101101111010111        1    
408          1111111111111111111111111111111111111111111100010101101111010111        0    
409          1111111111111111111111111111111111111111111100010100101111010011        0    
410          1111111111111111111111111111111111111111111100010111101100010011        0    
411          1111111111111111111111111111111111111111111011110111101100010011        0    
412          1111111111111111111111111111111111111111110011110110101101010011        0    
413          1111111111111111111111111111111111111111111011110101101110010011        0    
414          1111111111111111111111111111111111111111110011110100101110010011        0    
415          1111111111111111111111111111111111111111111011101111101110011111        0    
