time         game_state
0            1111111111111111111111111111111111111111111111111110011111011110        0    
1            1111111111111111111111111111111111111111111111111110111111011110        0    
2            1111111111111111111111111111111111111111111111111110111111011110        0    
3            1111111111111111111111111111111111111111111111111111011111110010        2    
4            1111111111111111111111111111111111111111111111111111011111110010        2    
5            1111111111111111111111111111111111111111001011111111011111110010        0    
6            1111111111111111111111111111111110110111001011111111111111110010        0    
7            1111111111111111111111111111111110110111001011111111111111110010        0    
8            1111111111111111111111111111111110110110100011111000011110110010        0    
9            1111111111111111111111111111111110110110100011111000011110110010        0    
10           1111111111111111111111111111111110110111111011111000111111110010        0    
11           1111111111111111111111111111111110110111111011111000101101110010        0    
12           1111111111111111111111111111111110110111110011111000101101110010        0    
13           1111111111111111111111111111111110110111110011111000101111110010        0    
14           1111111111111111111111111111111110110111101011111000101111011110        0    
15           1111111111111111111111111111111110110111101011111000101101011110        0    
16           1111111111111111111111111111111110110111100011111000101100011110        3    
17           1111111111111111111111111111111110110111100011111000101110011110        3    
18           1111111111111111111111111111111110111101100011111111101011011110        3    
19           1111111111111111111111111111111110111101110011011111101011011110        0    
20           1111111111111111111111111111111110111101110011011111101011011110        3    
21           1111111111111111111111111111111110111101110011011111101011011110        3    
22           1111111111111111111111111111111110111101111011011111101011110010        4    
23           1111111111111111111111111111111110111101111011011110101011110010        4    
24           1111101110011011110101011110010         4    
25           1111101110011011111101011110010         4    
26           1111111111111111111111111111111111111111111111111111101011110010        0    
27           1111111111111111111111111111111111111111111111111111101011110110        0    
28           1111111111111111111111111111111111111111111111111111101111110110        0    
29           1111111111111111111111111111111111111111111111111111101111110110        0    
30           1111111111111111111111111111111111111111111111111111101111110110        0    
31           1111111111111111111111111111111111111111111111111111101111111010        3    
32           1111111111111111111111111111111111111111111111111111101011111010        3    
33           1111111111111111111111111111111111111111111111111111101110111010        3    
34           1111111111111111111111111111111111111111111111111111101100111010        3    
35           1111111111011111111101100111010         0    
36           1110110011011111111101101111010         0    
37           1110110011011111111101101111010         0    
38           1110110110011111100101110111010         4    
39           1110110110011111101101110111010         4    
40           1110111111011111101101111111010         4    
41           1110111111011111110101111111010         4    
42           1111111111111111111111111111111111111111111111111110101111111010        0    
43           1111111111111111111111111111111111111111111111111110110000111010        0    
44           1111111111111111111111111111111111111111111111111110111110111010        0    
45           1111111111111111111111111111111111111111111111111110111111111010        1    
46           1111111111111111111111111111111111111111111111111110111101111010        1    
47           1111111111111111111111111111111111111111111111111110011110111010        1    
48           1111111111111111111111111111111111111111111111111110011010111010        1    
49           1111111111111111111111111111111111111111110011011110011010111010        0    
50           1111111111111111111111111111111111111111110011011111111010110110        0    
51           1111111111111111111111111111111111111111110011011111111010110110        0    
52           1111111111111111111111111111111111111111110011011111011010110110        4    
53           1111111111111111111111111111111111111111110011011111011010110110        4    
54           1111111111111111111111111111111111111111111010111111011010110010        4    
55           1111111111111111111111111111111111111111111010111111011010110010        4    
56           1111111111111111111111111111111111111111111111111111011010110010        0    
57           1111111111111111111111111111111111111111111111111111111010110010        0    
58           1111111111111111111111111111111111111111111111111111111010110010        0    
59           1111111111111111111111111111111111111111111111111111111010011110        0    
60           1111111111111111111111111111111111111111111111111111110110011110        0    
61           1111111111111111111111111111111111111111111111111111110110011110        1    
62           1111111111111111111111111111111111111111111111111111110110011110        1    
63           1111111111111111111111111111111111111111111111111111110110011010        1    
64           1111111111111111111111111111111111111111111111111111110010011010        1    
65           1111111111111111111111111111111111111111111010011111110010011010        0    
66           1111111111111111111111111111111111111111111010011111010010011010        0    
67           1111111111111111111111111111111111111111111010011110010010011010        0    
68           1111111111111111111111111111111111111111111010011111110010010110        0    
69           1111111111111111111111111111111111111111111010011101110010010110        2    
70           1111111111111111111111111111111111111111110010011101010010010110        2    
71           1111111111111111111111111111111111111111110010011101010010010110        2    
72           111111100010111101010010010110          0    
73           111111111010111100110010010010          0    
74           111111111010111100110110010010          0    
75           111011110001111100110111010010          0    
76           111011110001111100110111010010          0    
77           1101111110001111100110110010010         1    
78           1101111110001111100111100010010         1    
79           1111111101001111100111101010010         1    
80           1111111101001111100111111010010         1    
81           1111111111111111111111111111111111111111111001011100111111010010        0    
82           1111111111111111111111111111111111111111110001011101011111010110        3    
83           1111111111111111111111111111111111111111110001010111011111010110        3    
84           1111111110001010111011111010110         0    
85           1111111111001010111111111010110         0    
86           1111111111001011101111111010110         4    
87           1111111111111111111111111111111111111111111111111101111111010110        0    
88           1111111111111111111111111111111111111111111111111110011111011010        0    
89           1111111111111111111111111111111111111111111111111110011101011010        0    
90           1111111111111111111111111111111111111111111111111110111101011010        0    
91           1111111111111111111111111111111111111111111111111110110111011010        0    
92           1111111111111111111111111111111111111111111111111111010110011010        0    
93           1111111111111111111111111111111111111111111111111111010110011010        0    
94           1111111111111111111111111111111111111111111111111111110111011010        0    
95           1111111111111111111111111111111111111111111111111111110111011010        0    
96           1111111111111111111111111111111111111111111111111000011010011010        0    
97           1111111111111111111111111111111111111111111111111000011000011010        0    
98           1111111111111111111111111111111111111111111111111000011000011010        0    
99           1111111111111111111111111111111111111111111111111000011110011010        3    
100          1111111111111111111111111111111111111111111111111000011110010110        3    
101          1111111111111111111111111111111111111111111111111000011100010110        3    
102          1111111111111111111111111111111111001001111000111000011100010110        0    
103          1111111111111111111111111111111111001101011000111000011100010110        0    
104          1111111111111111111111111111111111001101011000111001011100010110        0    
105          1111111111111111111111111111111111011001011000011001011100010010        4    
106          1111111111111111111111111111111111011001011000011010011100010010        4    
107          1111111111111111111111111111111111101101011000011010111101010010        4    
108          1111111111111111111111111111111111101101011000011011111101010010        4    
109          1111111111111111111111111111111111111111111111111011111101010010        0    
110          1111111111111111111111111111111111111111111111111011011110010010        0    
111          1111111111111111111111111111111111111111111111111011011010010010        0    
112          1111111111111111111111111111111111111111111111111011111011010010        0    
113          1111111111111111111111111111111111111111111111111011111011010010        0    
114          1111111111111111111111111111111111111111111111111011011011010110        0    
115          1111111111111111111111111111111111111111111111111011011111010110        0    
116          1111111111111111111111111111111111111111111111111011111111010110        3    
117          1111111111111111111111111111111111111111111111111011111111010110        3    
118          1111111111111111111111111111111111111111111111111011011111011010        3    
119          1111111111111111111111111111111111111111111111111011011011011010        3    
120          1111111111111111111111111111111111110111110000011011011011011010        0    
121          1111111111111111111111111111111111110101111000011011111011011010        0    
122          1111111111111111111111111111111111110101111000011111111011011010        0    
123          1111111111111111111111111111111111111101111000011101011110011010        0    
124          1111111111111111111111111111111111111101111000011101111111011010        2    
125          1111111111111111111111111111111111111101111000011110111111011010        2    
126          1111111111111111111111111111111111111101101000111110111111011010        0    
127          1111111111111111111111111111111111100101101000111111011110011010        0    
128          1111111111111111111111111111111111100101101000111111011110011010        0    
129          1111111111111111111111111111111111110101100000111111111110011010        0    
130          1111111111111111111111111111111111110101100000111111111110011010        0    
131          1111111111111111111111111111111111100101111000111110011110010110        0    
132          1111111111111111111111111111111111100101111000111110011110010110        0    
133          1111111111111111111111111111111111100101010000111110011110010110        4    
134          1111111111111111111111111111111111100101010000111110011110010110        4    
135          1111111111111111111111111111111111111111111111111110011110010110        0    
136          1111111111111111111111111111111111111111111111111110011110010010        0    
137          1111111111111111111111111111111111111111111111111110011110010010        0    
138          1111111111111111111111111111111111111111111111111110011110010010        0    
139          1111111111111111111111111111111111111111111111111110011110010010        0    
140          1111111111111111111111111111111111111111111111111110011110011110        1    
141          1111111111111111111111111111111111111111111111111110011110011110        1    
142          1111111111111111111111111111111111111111111111111111111110011110        1    
143          1111111111111111111111111111111111111111111111111111111110011110        1    
144          1111111111111111111111111111111111111111111001011111111110011110        0    
145          1111111111111111111111111111111111111111110001011111011110011010        1    
146          1111111111111111111111111111111111111111110001011101011110011010        1    
147          1111111111111111111111111111111111111111111001011101111110011010        2    
148          1111111111111111111111111111111111111111111001011100111110011010        2    
149          1111111111111111111111111111111111111111110001011100011110010110        2    
150          1111111111111111111111111111111111111111110001011111011110010110        2    
151          1111111100001111111011110010110         0    
152          1101111101001111011111110010110         0    
153          1101111101001111011111110010110         1    
154          1110011101001111011111110010010         1    
155          1110011101001111011111110010010         1    
156          1111111111111111111111111111111111111111111001111011111110010010        0    
157          1111111111111111111111111111111111111111111001111011111111010010        0    
158          1111111111111111111111111111111111111111111001111011111111010010        0    
159          1111111111111111111111111111111111111111111010011011111110010010        0    
160          1111111111111111111111111111111111111111111010011011111110010010        0    
161          1111111111111111111111111111111111111111110010011011111111010010        4    
162          1111111111111111111111111111111111111111110010011011111111010010        4    
163          1111111111111111111111111111111111111111111111111011111111010010        0    
164          1111111111111111111111111111111111111111111111111011111111010110        0    
165          1111111111111111111111111111111111111111111111111011111111010110        0    
166          1111111111111111111111111111111111111111111111111011111111010110        1    
167          1111111111111111111111111111111111111111111111111011111011010111        1    
168          1111111111111111111111111111111111111111110010111011111011010111        0    
169          1111111111111111111111111111111111111111110010111111111011010111        0    
170          1111111111111111111111111111111111111111110010111111111011010111        0    
171          1111111111111111111111111111111111111111110010111111111011010111        2    
172          1111111111111111111111111111111111111111110010111111111011010111        2    
173          1111111111111111111111111111111111111111111011011111111010010111        2    
174          1111111111111111111111111111111111111111111011011111111010010111        2    
175          1111111111111111111111111111111111111111101011111111111010010111        0    
176          1111111111111111111111111111111111111111001011111111111010010111        0    
177          1111111111111111111111111111111111111111001011111111111110010111        0    
178          1111111111111111111111111111111111111111101011111111111110010111        2    
179          1111111111111111111111111111111111111111101011111111111110010111        2    
180          1111111111111111111111111111111111111111001011111111111110010111        2    
181          1111111111111111111111111111111111111111000011111111111111010111        2    
182          1111111111111111111111111111111111111111000011111111111001010111        2    
183          1111111111111111111111111111111111111111000011111111111001010111        3    
184          1111111111111111111111111111111111111111000011111111111011010111        3    
185          1111111111111111111111111111111111111111000011111111111011010111        3    
186          1111111111111111111111111111111111111111000011111111111101010111        3    
187          1111111111111111111111111111111111111111010011011111111101010111        0    
188          1111111111111111111111111111111111111110111011111111111100010111        3    
189          1111111111111111111111111111111111111110111011111111111100010111        3    
190          1111111111111111111111111111111111111111111011111111111100010111        3    
191          1111111111111111111111111111111111111111111011111111111100010111        3    
192          1111111111111111111111111111111111111111111011111111111100010111        4    
193          1111111111111111111111111111111111111111111011111011111100010111        4    
194          1111111111111111111111111111111111111000110011111100011100010111        4    
195          1111111111111111111111111111111111111000110011111101011100010111        4    
196          1111111111111111111111111111111111111000110011111101011100010111        4    
197          1111111111111111111111111111111111111000110011111110011100010111        4    
198          1111111111111111111111111111111111111000110011111110011100010111        4    
199          1111111111111111111111111111111111111000110011111111011100010111        4    
200          1111111111111111111111111111111111111111111111111111111100010011        4    
201          1111111111111111111111111111111111111111111111111111111100010011        4    
202          1111111111111111111111111111111111111111111111111111111010010011        4    
203          1111111111111111111111111111111111111111111111111111111010010011        4    
204          1111111111111111111111111111111111111111111111111111111000010011        3    
205          1111111111111111111111111111111111111111111111111111111000010011        3    
206          1111111111111111111111111111111111111111111111111111010111010011        3    
207          1111111111111111111111111111111111111111111111111111010111010011        3    
208          1111111111111111111111111111111111111111111111111111010111010011        3    
209          1111111111111111111111111111111111111111111111111111010111010011        3    
210          1111111111111111111111111111111111111111111111111111010111010011        3    
211          1111111111111111111111111111111111111111110011111111010111010011        3    
212          1111111111111111111111111111111111111110110011111111010111010011        3    
213          1111111111111111111111111111111111111110111011111101110110010011        2    
214          1111111111111111111111111111111111111110011011111101110110010011        2    
215          1111111111111111111111111111111111111110011011111101110110010011        2    
216          1111111111111111111111111111111111111101111011111101110110010011        2    
217          1111111111111111111111111111111111111101111011111111110110010011        2    
218          1111111111111111111111111111111110111111100011111111110110010011        2    
219          1111111111111111111111111111111110111111000011111111110110010011        2    
220          1111111111111111111111111111111110111111000011111110010111010011        2    
221          1111111111111111111111111111111110111111000011111110010101010011        2    
222          1111111111111111111111111111111110111111001011111110010101010011        2    
223          1111111111111111111111111111111110111110101011111110010101010011        2    
224          1111111111111111111111111111111110111110101011111110010111010011        2    
225          1111111111111111111111111111111110111110101011111110010111010011        2    
226          1111111111111111111111111111111111111110101011111110010111010011        2    
227          1111111111111111111111111111111111111110101011111110011101010011        2    
228          1111111111111111111111111111111111110110101011111110011101010011        2    
229          1111111111111111111111111111111111110110101011111110011101010011        2    
230          1111111111111111111111111111111111110110101011111110111101010111        2    
231          1111111111111111111111111111111111110110101011111110111111010111        2    
232          1111111111111111111111111111111111110110100011111110111111010111        2    
233          1111111111111111111111111111111111110110100011111110111111010111        2    
234          1111111111111111111111111111111111110110100011111110111101010111        2    
235          1111111111111111111111111111111111110101111011111110111101010111        2    
236          1111111111111111111111111111111111110101111011111110111101010111        2    
237          1111111111111111111111111111111111110101111011111110111111010111        2    
238          1111111111111111111111111111111111110101110011111110111111010111        2    
239          110101110011111110011111010111          2    
240          110101110011111110010101010111          2    
241          110101101011111110010101010111          2    
242          110101101011111110010101010111          2    
243          110101101011111110010111010111          2    
244          110101100011111110010111010111          2    
245          110101100011111110010111010111          2    
246          110101100011111110010101010111          2    
247          111101100011111110110101011011          2    
248          111101100011111110110101011011          2    
249          111101100011111110110111011011          2    
250          111101100011111110110111011011          2    
251          1111101100011111110110111011011         2    
252          1111101100011111110111101011011         2    
253          1111101101011111110111101011011         2    
254          1111101101011111110111101011011         2    
255          1111101101011111110111111011011         2    
256          1111101110011111111011111011011         2    
257          1111101110011111111011111011011         2    
258          1111101110011111111011101011011         2    
259          1111101111011111111011101011011         2    
260          1111101111011111111011101011011         2    
261          1111101111011111111011111011011         2    
262          1111111100011111111011111011011         2    
263          1111110000011111111011111011011         2    
264          1111110000011111111110101011111         2    
265          1111110001011111111110101011111         2    
266          1111110101011111111110101011111         2    
267          1111110101011111111110111011111         2    
268          1111110101011111111110111011111         2    
269          1111110101011111111110111011111         2    
270          1111110101011111111110101011111         2    
271          1110110101011111111110101011111         2    
272          1110110101011111111110101011111         2    
273          1110110101011111110110111011111         2    
274          1110110100011111110110111011111         2    
275          1111111111111111111111111111111110110110100011111110110111011111        2    
276          1111111111111111111111111111111110110110100011111110111101011111        2    
277          1111111111111111111111111111111110110111111011111110111101011111        2    
278          1111111111111111111111111111111110110111111011111110111101011111        2    
279          1111111111111111111111111111111110110111111011111110111111011111        2    
280          1111111111111111111111111111111110110111110011111110111111011111        2    
281          1111111111111111111111111111111110110111110011111110111111011111        2    
282          1111111111111111111111111111111110110111110011111110111111010011        2    
283          1111111111111111111111111111111110110111110011111110111101010011        2    
284          1111111111111111111111111111111110110111101011111110111101010011        2    
285          1111111111111111111111111111111110111101101011111110111101010011        2    
286          1111111111111111111111111111111110111101101011111110111111010011        2    
287          1111111111111111111111111111111110111101100011111110111111010011        2    
288          1111111111111111111111111111111110111101100011111110111111010011        2    
289          1111111111111111111111111111111110111101100011111110110101010011        2    
290          1111111111111111111111111111111110111001100011111110110101010011        2    
291          1111111111111111111111111111111110111001100011111111110101010011        2    
292          1111111111111111111111111111111110111001100011111111110111010011        2    
293          1111111111111111111111111111111110111101100011111111110111010011        2    
294          1111111111111111111111111111111110111101100011111111110111010011        2    
295          1111111111111111111111111111111110111101100011111111110101010011        2    
296          1111111111111111111111111111111110111101101011111111110101010011        2    
297          1111111111111111111111111111111110111111101011111111110101010011        2    
298          1111111111111111111111111111111110111111101011111111110111010011        1    
299          1111111111111111111111111111111110111111110011111111110111010011        1    
300          1111111111111111111111111111111110111111110011111111110110010011        1    
301          1111111111111111111111111111111110111111110011111111111100010011        1    
302          1111111111111111111111111111111111111111111011011111111100010011        0    
303          1111111111111111111111111111111111111111111011011111111100010011        0    
304          1111111111111111111111111111111111111111111011011111111100010011        0    
305          1111111111111111111111111111111111111111110011011111111100010011        1    
306          1111111111111111111111111111111111111111110011011111111100010011        1    
307          1111111111111111111111111111111111111111110011011111111100010011        4    
308          1111111111111111111111111111111111111111111011011111111011010011        4    
309          1111111111111111111111111111111111111111111011011111111011010011        4    
310          1111111111111111111111111111111111111111111011011011111011010011        4    
311          1111111111111111111111111111111111111111111111111011111011010011        0    
312          1111111111111111111111111111111111111111111111111011111011010011        0    
313          1111111111111111111111111111111111111111111111111011110111010011        1    
314          1111111111111111111111111111111111111111111111111011110111010011        1    
315          1111111111111111111111111111111111111111111111111011110111010011        1    
316          1111111111111111111111111111111111111111111111111011110111010011        1    
317          1111111111111111111111111111111111111111110010111011110110010011        1    
318          1111111111111111111111111111111111111111110010111011110110010011        1    
319          1111111111111111111111111111111111111111110010111011110110010011        1    
320          1111111111111111111111111111111111111111111010111011110110010011        1    
321          1111111111111111111111111111111111111111111010111011110110010011        1    
322          1111111111111111111111111111111111111111111010111011110110010011        1    
323          1111111111111111111111111111111111111111110010111011110110010011        2    
324          1111111111111111111111111111111111111111110010111011110110010011        2    
325          1111111111111111111111111111111111111111110010111011110101010011        2    
326          1111111111111111111111111111111110111101101010111011110101010011        0    
327          1111111111111111111111111111111110111101101010111011110101010011        0    
328          1111111111111111111111111111111110111101101010111011110101010010        0    
329          1111111111111111111111111111111110111101101010111011110111010010        0    
330          1111111111111111111111111111111110111101100010111011110111010010        0    
331          1111111111111111111111111111111110111101100010111011110110010010        0    
332          1111111111111111111111111111111110111101100010111011111000010011        4    
333          1111111111111111111111111111111111111111111111111011111000010011        0    
334          1111111111111111111111111111111111111111111111111011111000010011        0    
335          1111111111111111111111111111111111111111111111111011110110010011        0    
336          1111111111111111111111111111111111111111111111111011110110010011        0    
337          1111111111111111111111111111111111111111111111111011110110010011        3    
338          1111111111111111111111111111111111111111111111111011111111010011        3    
339          1111111111111111111111111111111111111111110010011011111111010011        0    
340          1111111111111111111111111111111111111111110010011011111111010011        0    
341          1111111111111111111111111111111111111111110010011011111111010011        0    
342          1111111111111111111111111111111111111111110010011011111111010011        4    
343          1111111111111111111111111111111111111111110010011011111111010011        4    
344          1111111111111111111111111111111111111111110010011011111111010011        4    
345          1111111111111111111111111111111111111111110010011011111111010011        4    
346          1111111111111111111111111111111111111111110010011011111110010011        4    
347          1111111111111111111111111111111111111111111111111011111110010011        0    
348          1111111111111111111111111111111111111111111111111011111110010011        0    
349          1111111111111111111111111111111111111111111111111011111110010011        0    
350          1111111111111111111111111111111111111111111111111011111110010011        0    
351          1111111111111111111111111111111111111111111111111011111110010011        0    
352          1111111111111111111111111111111111111111111111111011111110010011        0    
353          1111111111111111111111111111111111111111111111111011101110010011        1    
354          1111111111111111111111111111111111111111111010011011101110010011        0    
355          1111111111111111111111111111111111111111111010011011101110010011        0    
356          1111111111111111111111111111111111111111111010011010101110010011        0    
357          1111111111111111111111111111111111111111111010011010101110010011        0    
358          1111111111111111111111111111111111111111110010011011101110010011        4    
359          1111111111111111111111111111111111111111110010011001101110011111        4    
360          1111111111111111111111111111111111111111110010011001101110011111        4    
361          1111111111111111111111111111111111111111111111111001101110011111        0    
362          1111111111111111111111111111111111111111111111111001101110011111        0    
363          1111111111111111111111111111111111111111111111111001101110011111        0    
364          1111111111111111111111111111111111111111111111111001101110011111        0    
365          1111111111111111111111111111111111111111111111111001101110011111        0    
366          1111111111111111111111111111111111111111111111111001101110011111        0    
367          1111111111111111111111111111111111111111111111111001101110011111        0    
368          1111111111111111111111111111111111111111111111111001101110011111        0    
369          1111111111111111111111111111111111111111111111111001101110011111        0    
370          1111111111111111111111111111111111111111111111111001101110011111        0    
371          1111111111111111111111111111111111111111111111111001101110011111        0    
372          1111111111111111111111111111111111111111111111111001101110011111        0    
373          1111111111111111111111111111111111111111111111111000101101011111        1    
374          1111111111111111111111111111111111111111111111111000101101011111        1    
375          1111111111111111111111111111111111111111111111111000101111011111        1    
376          1111111111111111111111111111111111111111111111111000101111011111        1    
377          1111111111111111111111111111111111111111111111111000101101011111        1    
378          1111111111111111111111111111111111111111110010011000101101011111        0    
379          1111111111111111111111111111111111111111111010011000101101011111        0    
380          1111111111111111111111111111111111111111111010011000101101011111        0    
381          1111111111111111111111111111111111111111111010010111101101011111        2    
382          1111111111111111111111111111111111111111111001110111101100011111        2    
383          1111111111111111111111111111111111111111111001110111101100011111        2    
384          1111111111111111111111111111111111111111111001110110101100011111        2    
385          1111111111111111111111111111111111111111111001110110101100011111        2    
386          1111111111111111111111111111111111111111111001110101101100011111        2    
387          1111111111111111111111111111111110111110001001110101101100011111        0    
388          1111111111111111111111111111111110111010001001110101101100011111        0    
389          1111111111111111111111111111111110111010001001110101101100011111        0    
390          1111111111111111111111111111111110111010001001110101101011011111        0    
391          1111111111111111111111111111111110111010001001110101101011011111        0    
392          1111111111111111111111111111111110111010001001110101101111011111        0    
393          1111111111111111111111111111111110111010101001110101101111011111        0    
394          1111111111111111111111111111111110111010101001110101101111011111        0    
395          1111111111111111111111111111111110111110101001110101101111011111        0    
396          1111111111111111111111111111111110111111001001110101101111011111        0    
397          1111111111111111111111111111111110111111001001110101101010011111        0    
398          1111111111111111111111111111111110111111101001110101101010011111        0    
399          1111111111111111111111111111111110111111101001110101101010011111        0    
400          1111111111111111111111111111111110111110001001110101101010011111        3    
401          1111111111111111111111111111111110111110000001110101101110011111        3    
402          1111110000001110101101101011111         3    
403          1111110000001110101101111011111         3    
404          1111110010001010101101111011111         0    
405          1111110010001010101101111011111         0    
406          1111110010001010110101111011111         0    
407          1111110010001010110101111011111         1    
408          1111111111001010111101111011111         1    
409          1111111111111111111111111111111111111111111001010111101111011111        0    
410          1111111111111111111111111111111111111111111000110111101110011111        0    
411          1111111111111111111111111111111111111111111000110110101110011111        2    
412          1111111111111111111111111111111111111111111000110110101110011111        2    
413          1111111111111111111111111111111111111111111000110101101110011111        2    
414          1111111111000110101101110011111         0    
415          1111011110000110101101110011111         0    
416          1111011110000110101111000011111         0    
417          1111011110000110101111000011011         0    
418          1111011110000110101111000011011         0    
419          1111011110000110101111010011011         0    
420          1111011110000110101111010011011         0    
421          1111011110000110101111100011011         0    
422          1111111111111111111111111111111110101111110000110101111100011011        0    
423          1111111111111111111111111111111110101111110000110101111110011011        0    
424          1111111111111111111111111111111110101111110000110101111110011011        0    
425          1111111111111111111111111111111110101101110000110101111110011011        3    
426          1111111111111111111111111111111110101101110000110101111000011011        3    
427          1111111111111111111111111111111110101101110000010101111000011011        0    
428          1111111111111111111111111111111110101101110000010101111000011011        0    
429          1111111111111111111111111111111110101101110000010110111000011011        0    
430          1111111111111111111111111111111110101101111000010110111000011011        0    
431          1111111111111111111111111111111110101101111000010110111000011011        0    
432          1111111111111111111111111111111110101101111000010111111000011011        0    
433          1111111111111111111111111111111110101101111000010111111000010111        1    
434          1111111111111111111111111111111110101101111000010111111000010111        1    
435          1111111111111111111111111111111110101101111000011001111000010111        1    
436          1111111111111111111111111111111111111111111000011001111000010111        4    
437          1111111111111111111111111111111111111111111000011001111000010111        4    
438          1111111111111111111111111111111111111111111000010111111000010111        4    
439          1111111111111111111111111111111111111111110000010111111000010111        4    
440          1111111111111111111111111111111111111111110000010111111000010111        4    
441          1111111111111111111111111111111111111111110000010111111000010111        4    
442          1111111111111111111111111111111111111111110000010111111000010111        4    
443          1111111111111111111111111111111111111111110000010101111000010111        4    
444          1111111111111111111111111111111111111111111111110101111000010111        4    
445          1111111111111111111111111111111111111111111111110101111000010111        4    
446          1111111111111111111111111111111111111111111111110101111110010111        4    
447          1111111111111111111111111111111111111111111111110101111110010111        4    
448          1111111111111111111111111111111111111111111111110101111110010111        4    
449          1111111111111111111111111111111111111111111111110111111100010011        4    
450          1111111111111111111111111111111111111111111111110111111100010011        4    
451          1111111111111111111111111111111111111111111111110111111010010011        4    
452          1111111111111111111111111111111111111111111111110111111010010011        1    
453          1111111111111111111111111111111111111111111111110111111000010011        1    
454          1111111111111111111111111111111111111111111111110111110111010011        1    
455          1111111111111111111111111111111111111111111111110111101111010011        1    
456          1111111111111111111111111111111111111111110000010111101111010011        0    
457          1111111111111111111111111111111111111111110000010111101111010011        0    
458          1111111111111111111111111111111111111111110000010110101111010011        0    
459          1111111111111111111111111111111111111111110000010110101111010011        0    
460          1111111111111111111111111111111111111111111000010011101111010011        0    
461          1111111111111111111111111111111111111111111000010011101110010011        0    
462          1111111111111111111111111111111111111111111000010011101110010011        0    
463          1111111111111111111111111111111111111111111000010011101110010011        0    
464          1111111111111111111111111111111111111111111000010011101110010011        0    
465          1111111111111111111111111111111111111111111000010011101110010011        0    
466          1111111111111111111111111111111111111111111000010011101110010011        0    
467          1111111111111111111111111111111111111111111000010011101110010011        2    
468          1111111111111111111111111111111111111111111000110011101111010011        2    
469          1111111111111111111111111111111111111111111000110011101111010011        2    
470          1111111111111111111111111111111111111111111000101111101111010011        2    
471          1111111111111111111111111111111111111111111000101111101111010011        2    
472          1111111111111111111111111111111111111111111000101111101111010011        2    
473          1111111111111111111111111111111110111011101000101111101111010011        2    
474          1111111111111111111111111111111110111111101000101111101111010011        2    
475          1111111111111111111111111111111111111111101000101111101111010011        2    
476          1111111111111111111111111111111111111111101000101111110101010011        2    
477          1111111111111111111111111111111111111111101000111111110100010011        2    
478          1111111111111111111111111111111111111111101000111111110100010011        2    
479          1111111111111111111111111111111111111111101000111111110110010011        2    
480          1111111111111111111111111111111111111111101000111111110110010010        2    
481          1111111111111111111111111111111111111011101000111111110100010010        2    
482          1111111111111111111111111111111111111011101001101111110111010010        2    
483          1111111111111111111111111111111111111101001001101111110111010010        2    
484          1111111111111111111111111111111111111101000001101111110111010010        2    
485          1111111111111111111111111111111111111101000001111111110110010010        2    
486          1111111111111111111111111111111111111101100001111111110110010010        2    
487          1111111111111111111111111111111111111100111001111111111010010010        2    
488          1111111111111111111111111111111111111100111001111111111001010010        2    
489          1111111111111111111111111111111111111101111001111111111001010010        2    
490          1111111111111111111111111111111111111101110001111111111011010010        2    
491          1111111111111111111111111111111111111101110001111110111011010110        2    
492          1111111111111111111111111111111111111101110001111110111011010110        2    
493          1111111111111111111111111111111111111101110001111110000001010110        2    
494          1111111111111111111111111111111111111101110001111110100001010110        2    
495          1111111111111111111111111111111111111110110001111110100001010110        2    
496          1111111111111111111111111111111111111110110001111110100011010110        2    
497          1111111111111111111111111111111111111110110001101110100011011010        2    
498          1111111111111111111111111111111111111110110001101110100011011010        2    
499          1111111111111111111111111111111111101110110001101110100101011010        2    
500          1111111111111111111111111111111111101110110001111110100101011010        2    
501          1111111111111111111111111111111111101100110001111110100101011010        2    
502          1111111111111111111111111111111111101000110001111110100111011010        2    
503          1111111111111111111111111111111111101000110010101110100111011110        2    
504          1111111111111111111111111111111111101000110010101110100111011110        2    
505          1111111111111111111111111111111111100100110010101110101001011110        2    
506          1111111111111111111111111111111111100100110010101111001010011110        2    
507          1111111111111111111111111111111111100101110010101111001010011110        3    
508          1111111111111111111111111111111111100001110010101111001010011110        3    
509          1111111111111111111111111111111111100001110010101111101011011110        3    
510          1111111111111111111111111111111111100001110010101111101011011110        3    
511          1111111111111111111111111111111111100001101010101111101111011110        3    
512          1111111111111111111111111111111111100001111010001110001100011110        0    
513          1111111111111111111111111111111111100010111010001110001100011110        3    
514          1111111111111111111111111111111111100010110010001111001100011110        3    
515          1111111111111111111111111111111111100010110010001111101101011110        3    
516          1111111111111111111111111111111111100010110010001111101101011110        3    
517          1111111111111111111111111111111111100010111010010110101101011110        3    
518          1111111111111111111111111111111111100010111010010110101110011110        3    
519          1111111111111111111111111111111111100011011010010110101110011110        3    
520          1111111111111111111111111111111111100011010010010111101110011110        3    
521          1111111111111111111111111111111111100011010010110111101111011110        3    
522          1111111111111111111111111111111111110011010010110111101111011110        3    
523          1111111111111111111111111111111111110011011010110110101111011110        3    
524          1111111111111111111111111111111111110011011010110110101100011110        3    
525          100011011010110110101100011110          2    
526          11111011010110111101100011110           2    
527          11111011010110111001101011110           2    
528          11111011010110111001101011110           2    
529          11011011010110110001101011110           2    
530          11011011010110101101110011110           2    
531          111011011010110101101110011110          2    
532          110111011010110101101110011110          2    
533          110111001010110101001111011110          2    
534          110111001010110101001111011110          2    
535          110111010010110101001111011110          2    
536          110111010010110101101110011110          2    
537          1010111010010110101101110011110         2    
538          1010111011010110101111100011110         2    
539          1010111011011110101111101011110         2    
540          1010111011011110101111101011110         2    
541          1010111100011110101111111011110         2    
542          1010111100011110101111110011110         2    
543          1110111100011110101111110011110         2    
544          1110111101011110101111110011110         2    
545          1110111101011110101111110011110         2    
546          1110111101011110101111110011110         2    
547          1110111110011110101111110011110         2    
548          1110111110011110101111110010010         2    
549          1111111111111111111111111111111110010111110011110101111110010010        3    
550          1111111111111111111111111111111110010111111011110101111110010010        3    
551          1111111111111111111111111111111110010111111100110101111110010010        3    
552          1111111111111111111111111111111110010111111100110101111110010010        3    
553          1111111111111111111111111111111110010111100100110101111110010010        3    
554          1111111111111111111111111111111110010111110100010101111111010010        0    
555          1111111111111111111111111111111110010101010100010101111111010010        3    
556          1111111111111111111111111111111110010101011100010110111111010010        3    
557          1111111111111111111111111111111110010101011100110110111010010010        2    
558          1111111111111111111111111111111110010101111100110110111010010010        2    
559          1111111111111111111111111111111110011101111100110111111010010010        2    
560          1111111111111111111111111111111110011101111100110111011011010010        2    
561          1111111111111111111111111111111110011101011100110111011011010010        2    
562          1111111111111111111111111111111110011101011100111101011011010010        2    
563          1111111111111111111111111111111110011101001100111101111010010010        0    
564          1111111111111111111111111111111110011101101100111101111010010010        2    
565          1111111111111111111111111111111110100101101100111101111110010010        2    
566          1111111111111111111111111111111110100101101100111110011111010010        2    
567          1111111111111111111111111111111110100111001100111110011111010010        2    
568          1111111111111111111111111111111110100111010100111110011111010010        2    
569          1111111111111111111111111111111110100111010100111110111110010010        2    
570          1111111111111111111111111111111110100111110100111110111110010010        2    
571          1111111111111111111111111111111110100111111100111110110100010010        2    
572          1111111111111111111111111111111110100111111100111111110101010010        2    
573          1111111111111111111111111111111110100111011100111111110101010010        2    
574          1111111111111111111111111111111110100111100100111111110111010010        2    
575          1111111111111111111111111111111110100111100100111111110111010110        2    
576          1111111111111111111111111111111110100111100100111111110111010110        2    
577          1111111111111111111111111111111110100111101100111111110101010110        2    
578          1111111111111111111111111111111110100111101100111000110101010110        2    
579          1111111111111111111111111111111110101001101100111000110101010110        2    
580          1111111111111111111111111111111110101101101100111000110111010110        2    
581          1111111111111111111111111111111110101101101100111000110111011010        2    
582          1111111111111111111111111111111110101101101100111000110111011010        2    
583          1111111111111111111111111111111110101001101100111000111101011010        2    
584          1111111111111111111111111111111110101001101100111001111101011010        2    
585          1111111111111111111111111111111110101001101100111001111101011010        3    
586          1111111111111111111111111111111110101101101100111001111111011010        3    
587          1111111111111111111111111111111110101101101100111001111110011010        3    
588          1111111111111111111111111111111110101101101100111001111110011010        3    
589          1111111111111111111111111111111110101101110100111001111110011010        3    
590          1111111111111111111111111111111110101101110100111010111111011010        3    
591          1111111111111111111111111111111110101111110100111010111111011010        3    
592          1111111111111111111111111111111110101111111100111010111111011010        3    
593          1111111111111111111111111111111110101111111100111010111110011010        3    
594          1111111111111111111111111111111110101111111100111010111110011010        2    
595          1111111111111111111111111111111110101110110100111011111110011010        2    
596          1111111111111111111111111111111110101110110101011011111110011110        2    
597          1111111111111111111111111111111110101111010101011011111110011110        2    
598          1111111111111111111111111111111110101111011101011010111110011110        2    
599          1111111111111111111111111111111110101111011101011010111110011110        2    
600          1111111111111111111111111111111110101111111101011010111110011110        2    
601          1111111111111111111111111111111110101111110101011011111110011110        2    
602          1111111111111111111111111111111110101111110101111011111110110010        2    
603          1111111111111111111111111111111110111111110101111011111110110010        2    
604          1111111111111111111111111111111110111111111101111011111000110010        2    
605          1111111111111111111111111111111110111111111101111011111000110010        2    
606          1111111111111111111111111111111110101111111101111011111000110010        3    
607          1111111111111111111111111111111110101111100101111011111010110010        3    
608          1111111111111111111111111111111110101111100101111011111010110110        3    
609          1111111111111111111111111111111110111111100101111011111010110110        3    
610          1111111111111111111111111111111110111011100101111011111100110110        3    
611          1111111111111111111111111111111110111011100101111111111100110110        3    
612          1111111111111111111111111111111110111110100101111111111100110110        3    
613          1111111111111111111111111111111110111110100101111111111110110110        3    
614          1111111111111111111111111111111110111110100101111111111110111010        3    
615          1111111111111111111111111111111110111110100101111111111110111010        3    
616          1111111111111111111111111111111110111110100101111111111000111010        3    
617          1111111111111111111111111111111110111110110101011111111000111010        3    
618          1111111111111111111111111111111110111111110101011111111000111010        3    
619          1111111111111111111111111111111110111111111101011101111000111010        3    
620          1111111111111111111111111111111110111111111101011101111000111110        4    
621          1111111111111111111111111111111110111111111101011101111000111110        4    
622          1111111111111111111111111111111110111111110101011101111000111110        4    
623          1111111111111111111111111111111110111111110101011111111000111110        4    
624          1111111111111111111111111111111110111110110101011111111000111110        4    
625          1111111111111111111111111111111110111110111101011110111000111110        4    
626          1111111111111111111111111111111111111111111111111110111001111110        0    
627          1111111111111111111111111111111111111111111111111110111001111110        4    
628          1111111111111111111111111111111111111111111111111110111111111110        4    
629          1111111111111111111111111111111111111111111111111110111110111110        4    
630          1111111111111111111111111111111111111111111111111110111110111110        4    
631          1111111111111111111111111111111111111111111111111110111110111110        4    
632          1111111111111111111111111111111111111111111111111110111111111110        4    
633          1111111111111111111111111111111111111111111111111110111111111110        4    
634          1111111111111111111111111111111111111111111111111110111011111110        4    
635          1111111111111111111111111111111111111111111111111111111011110010        4    
636          1111111111111111111111111111111111111111111111111111111011110010        4    
637          1111111111111111111111111111111111111111111111111111111011110010        4    
638          1111111111111111111111111111111111111111111111111111111011110010        4    
639          1111111111111111111111111111111111111111111111111111111011110010        4    
640          1111111111111111111111111111111111111111111111111111111111110010        4    
641          1111111111111111111111111111111111111111111111111111111111110110        4    
642          1111111111111111111111111111111111111111111111111111111111110110        4    
643          1111111111111111111111111111111111111111111111111111111111110110        4    
644          1111111111111111111111111111111111111111111111111111111110110110        4    
645          1111111111111111111111111111111111111111111111111111111110110110        4    
646          1111111111111111111111111111111111111111111111111111111010110110        4    
647          1111111111111111111111111111111111111111111111111111111011110110        4    
648          1111111111111111111111111111111111111111111111111111111011110110        4    
649          1111111111111111111111111111111111111111111111111111111001110110        4    
650          1111111111111111111111111111111111111111111111111110111000110110        4    
651          1111111111111111111111111111111111111111111111111110111000110110        4    
652          1111111111111111111111111111111111111111111111111110111110110110        4    
653          1111111111111111111111111111111111111111111111111110111110110110        4    
654          1111111111111111111111111111111111111111111111111110111110110110        4    
655          1111111111111111111111111111111111111111111111111110111100110110        4    
656          1111111111111111111111111111111111111111111111111111111100111010        4    
657          1111111111111111111111111111111111111111111111111111111100111010        4    
658          1111111111111111111111111111111111111111111111111111111010111010        4    
659          1111111111111111111111111111111111111111111111111111110111111010        4    
660          1111111111111111111111111111111111111111111111111111110111111010        1    
661          1111111111111111111111111111111111111111111111111111110111111010        1    
662          1111111111111111111111111111111111111111111110011111110110111010        0    
663          1111111111111111111111111111111111111111111110011111110110111010        0    
664          1111111111111111111111111111111111111111111110011111110110111010        0    
665          1111111111111111111111111111111111111111111110011111110101111010        0    
666          1111111111111111111111111111111111111111111110011111110101111010        0    
667          1111111111111111111111111111111111111111110110011111110101111010        1    
668          1111111111111111111111111111111111111111110110011111110101110110        1    
669          1111111111111111111111111111111111111111110110011111110101110110        1    
670          1111111111111111111111111111111111111111111110011011110101110110        1    
671          1111111111111111111111111111111111111111111110011011110101110110        1    
672          1111111111111111111111111111111111111111001110111011110101110110        0    
673          1111111111111111111111111111111111111111010110111011110101110110        0    
674          1111111111111111111111111111111111111111010110111011110101110010        0    
675          1111111111111111111111111111111111111111010110111011110111110010        0    
676          1111111111111111111111111111111111101111010110111011110111110010        0    
677          1111111111111111111111111111111111101011010110111011110111110010        0    
678          1111111111111111111111111111111111101011010110111011110111110010        0    
679          1111111111111111111111111111111111101011010110111011110101110010        0    
680          1111111111111111111111111111111111111011010110111011110101110010        0    
681          1111111111111111111111111111111111111111010110111011110101110010        0    
682          1111111111111111111111111111111111111111010110111011110101111110        0    
683          1111111111111111111111111111111111111111010110111011110111111110        0    
