time         game_state
1            1111111111111111111111111111111111111111111111111110011111011110        0    
2            1111111111111111111111111111111111111111111111111110111111011110        0    
3            1111111111111111111111111111111111111111111111111110111111011110        0    
4            1111111111111111111111111111111111111111111111111111011111110010        0    
5            1111111111111111111111111111111111111111111111111111011111110010        0    
6            1111111111111111111111111111111111111111111111111111111111110010        0    
7            1111111111111111111111111111111111111111111111111111111111110010        0    
8            1111111111111111111111111111111111111111111111111000011110110010        0    
9            1111111111111111111111111111111111111111111111111000011110110010        0    
10           1111111111111111111111111111111111111111111111111000111111110010        0    
11           1111111111111111111111111111111111111111111111111000111101110010        0    
12           1111111111111111111111111111111111111111111111111000111101110010        0    
13           1111111111111111111111111111111111111111111111111000111111110010        0    
14           1111111111111111111111111111111111111111111111111000111111011110        0    
15           1111111111111111111111111111111111111111111111111000111101011110        0    
16           1111111111111111111111111111111111111111111111111000011100011110        0    
17           1111111111111111111111111111111111111111111111111000001110011110        3    
18           1111111111111111111111111111111111111111111111111111101111011110        3    
19           1111111111111111111111111111111111111111111111111111101111011110        3    
20           1111111111111111111111111111111111111101110011011111101111011110        0    
21           1111111111111111111111111111111111111101110011011111001111011010        0    
22           1111111111111111111111111111111111111101110011011111001111011010        0    
23           1111111111111111111111111111111111111101111011011111101111011010        4    
24           1111111111111111111111111111111111111101111011011110101111011010        4    
25           1111111111111111111111111111111111111101110011011110001111010110        4    
26           1111111111111111111111111111111111111101110011011111001111010110        4    
27           1111111111111111111111111111111111111111111111111111001111010110        0    
28           1111111111111111111111111111111111111111111111111111001111010110        0    
29           1111111111111111111111111111111111111111111111111111001011010110        0    
30           1111111111111111111111111111111111111111111111111111001011010010        0    
31           1111111111111111111111111111111111111111111111111111001011010010        0    
32           1111111111111111111111111111111111111111111111111111001100010010        0    
33           1111111111111111111111111111111111111111111111111111101100010010        0    
34           1111111111111111111111111111111111111111111111111111101110010010        0    
35           1111111111111111111111111111111111111111111111111111101111010010        0    
36           1111111111111111111111111111111111111111111111111111001111010010        3    
37           1111111111111111111111111111111111111111111111111111001101010010        3    
38           1111111111111111111111111111111111111111111111111111001110010010        3    
39           1111111111111111111111111111111111111111111111111111101110010010        3    
40           1111111111111111111111111111111111111111111111111111101110010010        3    
41           1111111111111111111111111111111111110111111011111111101110010010        0    
42           1111111111111111111111111111111111110111011011111111101110010010        0    
43           1111111111111111111111111111111111110111010011111011001110010010        0    
44           1111111111111111111111111111111111110111010011111100001110010010        0    
45           1111111111111111111111111111111111110110110011111100001110011110        2    
46           1111111111111111111111111111111111110101111011111101101110011110        2    
47           1111111111111111111111111111111111110101111011111101101110011110        2    
48           1111111111111111111111111111111111110101110011111110101110011110        2    
49           1111111111111111111111111111111111110101110011111110101110011110        0    
50           1111111111111111111111111111111111111111110011111110101111011110        0    
51           1111111111111111111111111111111111111111101011111110101111011110        0    
52           1111111111111111111111111111111111111111101011111110110100011110        0    
53           1111111111111111111111111111111111111111100011111110010110011110        0    
54           1111111111111111111111111111111111111101100011111110010111011110        0    
55           1111111111111111111111111111111111111101100011111111111001011110        0    
56           1111111111111111111111111111111111111101100011111111111010011110        0    
57           1111111111111111111111111111111111111101100011111111111010011110        0    
58           1111111111111111111111111111111111111101100011111111011010011110        0    
59           1111111111111111111111111111111111111101100011111111011011011110        0    
60           1111111111111111111111111111111111111101100011111111011111011110        0    
61           1111111111111111111111111111111111111101101010111111011111011110        0    
62           1111111111111111111111111111111111111101101010111111011100011110        0    
63           1111111111111111111111111111111111111101101010111111011110011110        0    
64           1111111111111111111111111111111111111101110010111110111110011110        0    
65           1111111111111111111111111111111111111111110010111110111111011110        0    
66           1111111111111111111111111111111111111111110010111110110101011110        0    
67           1111111111111111111111111111111111111111111010111110010101011110        0    
68           1111111111111111111111111111111111111111111010111110010110011110        0    
69           1111111111111111111111111111111111111111111010111110010110011110        0    
70           1111111111111111111111111111111111111111000010111111110110011110        0    
71           1111111111111111111111111111111111111110100010111111110111011110        0    
72           1111111111111111111111111111111111111110100010111111110111011110        0    
73           1111111111111111111111111111111111111110101010111111010111011110        0    
74           1111111111111111111111111111111111111110001010111111011100011110        0    
75           1111111111111111111111111111111111111110001010111111011110011110        0    
76           1111111111111111111111111111111111111010001010111110111110011110        0    
77           1111111111111111111111111111111111111010001010111110111110011110        1    
78           1111111111111111111111111111111111111010001010111110111000011110        1    
79           1111111111111111111111111111111111111110001011111110111000011110        1    
80           111110001011111110111000010010          1    
81           111110001011111110111010010010          1    
82           1111111111111111111111111111111111111111110011011110111010010010        0    
83           1111111111111111111111111111111111111111110011011110111010010010        0    
84           1111111111111111111111111111111111111111110011011101111010010010        0    
85           1111111111111111111111111111111111111111111011111101111010010010        0    
86           1111111111111111111111111111111111111111111011111101111011010010        0    
87           1111111111111111111111111111111111111111111011111100111011010010        0    
88           1111111111111111111111111111111111111111110011111100111011010010        0    
89           1111111111111111111111111111111111111111110011111100111010010010        3    
90           1111111111111111111111111111111111111111110011111111111010010010        3    
91           101101110100011111111010010010          0    
92           101101110100011111111011010010          0    
93           101101110100011100111011010010          0    
94           101101111100011100111011010010          0    
95           101101111100011100111011010110          2    
96           101101111100011101111011010110          2    
97           101001111100111101111011010110          2    
98           101001111100111101111011010110          2    
99           101001111100111110111011010110          2    
100          101101101100111111011011010110          0    
101          100111101100111111011011011010          0    
102          100111101100111111011111011010          0    
103          100111101100111111111111011010          0    
104          100111101100111111111111011010          0    
105          100111101100111111111111011010          0    
106          100111100100111110011111011010          0    
107          100111100100111110011110011010          0    
108          100111100100111110111100011010          0    
109          100111111100111110111100011010          0    
110          100111011100111110111101011010          0    
111          100111011100111110111111011010          0    
112          100111010100111111111111011010          0    
113          100101110100111111111110011010          0    
114          100101110100111111111110011010          0    
115          100101101100111111111110011010          0    
116          100101001100111111111110011110          0    
117          100101001100111111111110011110          0    
118          111101001100111110111110011110          0    
119          111101101100111110111110011110          0    
120          111101101100111110111110011110          0    
121          111101101100111110111110011110          0    
122          11101101100111110111110110010           0    
123          11101101100111110111110110010           0    
124          10101101100111111111110110010           0    
125          10101101100111111111110110010           0    
126          10101101100111111111110110010           0    
127          1111111111111111111111111111111111110101110100111111111110110110        0    
128          1111111111111111111111111111111111110101111100111110111110110110        0    
129          1111111111111111111111111111111111110101111100111110111110110110        0    
130          1111111111111111111111111111111111010101100100111110111110111010        1    
131          1111111111111111111111111111111111010101100100111110111110111010        1    
132          1111111111111111111111111111111111010101101101111110111110111010        1    
133          1111111111111111111111111111111111010101101101111110111110111010        1    
134          1111111111111111111111111111111110110101110101111110111110111110        1    
135          1111111111111111111111111111111110110101110101111110111110111110        1    
136          1111111111111111111111111111111110110101111101111110111110111110        1    
137          1111111111111111111111111111111110110101111101111110111110111110        1    
138          1111111111111111111111111111111111111111111101011110111110111110        0    
139          1111111111111111111111111111111111111111110101011111111110110010        0    
140          1111111111111111111111111111111111111111110101011111111110110010        0    
141          1111111111111111111111111111111111111111111101011111111110110010        0    
142          1111111111111111111111111111111111111111111101011111111110110010        4    
143          1111111111111111111111111111111111111111110101111111111110110110        4    
144          1111111111111111111111111111111111111111110101111011111110110110        4    
145          1111111111111111111111111111111111111111111111111011111110110110        0    
146          1111111111111111111111111111111111111111111111111011111110110110        1    
147          1111111111111111111111111111111111111111111111111011111110111010        1    
148          1111111111111111111111111111111111111111111111111011111110111010        1    
149          1111111111111111111111111111111111111111110110011011111110111010        0    
150          1111111111111111111111111111111111111111111110011011111101111010        1    
151          1111111111111111111111111111111111111111111110011011111101111010        1    
152          1111111111111111111111111111111111111111110110111011111100111010        1    
153          1111111111111111111111111111111111111111110110111011111100111010        1    
154          1111111111111111111111111111111111111111111110111011111111111010        2    
155          1111111111111111111111111111111111111111111110111011111111111010        2    
156          1111111111111111111111111111111110111111111110111011111111111010        0    
157          1111111111111111111111111111111110111011111110111100111111110110        0    
158          1111111111111111111111111111111110111011111110111100111111110110        0    
159          1111111111111111111111111111111110111110111110111100111111110110        1    
160          1111111111111111111111111111111110111110111110111100111011110111        1    
161          1111111111111111111111111111111111111111111110111100111011110111        0    
162          1111111111111111111111111111111111111111111110111111111011110111        4    
163          1111111111111111111111111111111111111111111110111110111011110111        4    
164          1111111111111111111111111111111111111111111110111101111011110011        4    
165          1111111111111111111111111111111111111111111111111101111011110011        0    
166          1111111111111111111111111111111111111111111111111101111111110011        0    
167          1111111111111111111111111111111111111111111111111101111111110011        3    
168          1111111111111111111111111111111111111111111111111101111111110011        3    
169          1111111111111111111111111111111111111111111111111101111011110011        3    
170          1111111111111111111111111111111111111111111111111101111011110011        3    
171          1111111111111111111111111111111111111111111111111101111111110011        3    
172          1111111111111111111111111111111111101011010110011101111111111111        3    
173          1111111111111111111111111111111111101011011110011111111111111111        3    
174          1111111111111111111111111111111111101011011110011111111111111111        3    
175          1111111111111111111111111111111111101011011110011101111111111111        3    
176          1111111111111111111111111111111111101011111110011101111110111111        3    
177          1111111111111111111111111111111111101011111110011101101111011111        3    
178          1111111111111111111111111111111111101011110110011101101111011111        3    
179          1111111111111111111111111111111111101011110110011101101111011111        2    
180          1111111111111111111111111111111111101011110110011111101111011111        2    
181          1111111111111111111111111111111111101011110110011111101111110011        2    
182          1111111111111111111111111111111111101011110110011111101111110011        2    
183          1111111111111111111111111111111111101011010110111111101111110011        0    
184          1111111111111111111111111111111111101011011110111111101111110011        0    
185          1111111111111111111111111111111111101011011110111111111111110011        0    
186          1111111111111111111111111111111111101011011110111111111110110011        4    
187          1111111111111111111111111111111111111111111111111111111110110011        0    
188          1111111111111111111111111111111111111111111111111111111111110011        0    
189          1111111111111111111111111111111111111111111111111111111101110011        1    
190          1111111111111111111111111111111111111111111111111111111101110011        1    
191          1111111111111111111111111111111111111111111111111111101111110011        1    
192          1111111111111111111111111111111111111111110110011111101111110011        0    
193          1111111111111111111111111111111111111111110110011111101111011111        0    
194          1111111111111111111111111111111111111111110110011110101111011111        0    
195          1111111111111111111111111111111111111111110101111110101111011111        4    
196          1111111111111111111111111111111111111111110101111111101111011111        4    
197          1111111111111111111111111111111111111111110101111111101111011111        4    
198          1111111111111111111111111111111111111111110101111111101111011011        4    
199          1111111111111111111111111111111111111111110101111110101111011011        4    
200          1111111111111111111111111111111111111111111111111110101111011011        0    
201          1111111111111111111111111111111111111111111111111110101111011011        3    
202          1111111111111111111111111111111111111111111111111110101101011011        3    
203          1111111111111111111111111111111111111111111111111110101110011011        3    
204          1111111111111111111111111111111111111111111111111110101110011011        3    
205          1111111111111111111111111111111111111111111111111110101110011011        3    
206          1111111111111111111111111111111111111111111111111110101111011011        3    
207          1111111111111111111111111111111111111111111111111110101111011011        3    
208          1111111111111111111111111111111111011011110101111110101111011011        0    
209          1111111111111111111111111111111111011011110101111110101111011011        4    
210          1111111111111111111111111111111111011011110101111111101111011011        4    
211          1111111111111111111111111111111110111011110101011111101111011011        4    
212          1111111111111111111111111111111110111011110101011111101111011111        4    
213          1111111111111111111111111111111110111011110101011110101111011111        4    
214          1111111111111111111111111111111110111111110101011110101111011111        4    
215          1111111111111111111111111111111110111111110101011110101111011111        4    
216          1111111111111111111111111111111110111111110101011111101111011111        4    
217          1111111111111111111111111111111111111111111111111111101111011111        0    
218          1111111111111111111111111111111111111111111111111111101111110011        0    
219          1111111111111111111111111111111111111111111111111111101111110011        0    
220          1111111111111111111111111111111111111111111111111111101111110011        0    
221          1111111111111111111111111111111111111111111111111111101111110011        0    
222          1111111111111111111111111111111111111111111111111111101111110011        3    
223          1111111111111111111111111111111111111111111111111111101110110011        3    
224          1111111111111111111111111111111111111111111111111111101101110011        3    
225          1111111111111111111111111111111110011011110101011111101101110011        0    
226          1111111111111111111111111111111110011111110101011101101101110011        0    
227          1111111111111111111111111111111110011111110101011101101101110011        1    
228          1111111111111111111111111111111111111111110101011101101101011111        0    
229          1111111111111111111111111111111111111111110101011100101100011111        2    
230          1111111111111111111111111111111111111111110101011100101100011111        2    
231          1111111111111111111111111111111111111111110101011111101011011111        2    
232          1111111111111111111111111111111110001011100101111111101011011111        0    
233          1111111111111111111111111111111110001011100101111111101011011111        0    
234          1111011100101111111101111110011         0    
235          1111111100101111111101111110011         0    
236          1111111100101111111101110110011         0    
237          1111111100101111111101001110011         1    
238          1111111111111111111111111111111111111111110101011111101001110011        0    
239          1111111111111111111111111111111111111111110101011011101000110011        0    
240          1111111111111111111111111111111111111111111101011011101000110011        0    
241          1111111111111111111111111111111111111111111101011011101000110011        0    
242          1111111111111111111111111111111111111111111101011011101000110011        2    
243          1101111111101111011101000110111         0    
244          1011111111101111011101000110111         0    
245          1011111111101111011101010110111         1    
246          1011111110101111011101010110111         1    
247          1011111110101111011101100111011         1    
248          1011111110101111011101111111011         1    
249          1111111111111111111111111111111111111111110101011011101111111011        0    
250          1111111111111111111111111111111111111111110100111011101111111011        0    
251          1111111111111111111111111111111111111111111100111111101110111011        0    
252          1111111111111111111111111111111111111111111100111111101111111011        0    
253          1111111111111111111111111111111111111111111100111111101111111011        0    
254          1111111111111111111111111111111111111111111100111111101111111011        0    
255          1111111111111111111111111111111111111111110100111111101111111011        0    
256          1111111111111111111111111111111111111111110100111111101111111111        0    
257          1111111111111111111111111111111111111111110100111011101111111111        0    
258          1111111111111111111111111111111111111111110011110111101111111111        0    
259          1111111111111111111111111111111111111111110011110110101110111111        0    
260          1111111111111111111111111111111111111111110011110110101110111111        0    
261          1111111111111111111111111111111111111111111011110110101110111111        3    
262          1111111111111111111111111111111111111111111011110111101111111111        3    
263          1011111111011110111101111111111         0    
264          1011111111011110111101111111111         0    
265          1011111111011110111101110111111         0    
266          1011111111011110111101110111111         0    
267          1011111111011110111101110111111         0    
268          1011111111011110111101111111111         0    
269          1011111110011111011101111111111         4    
270          1011111110011111100101110111111         4    
271          1011111110011111100101110111111         4    
272          1011111110011111101101111111111         4    
273          1111111111111111111111111111111111111111111111111101101111111111        0    
274          1111111111111111111111111111111111111111111111111101101111111111        0    
275          1111111111111111111111111111111111111111111111111101101111111111        0    
276          1111111111111111111111111111111111111111111111111101101100111111        0    
277          1111111111111111111111111111111111111111111111111101101100111111        0    
278          1111111111111111111111111111111111111111111111111101101111111110        0    
279          1111111111111111111111111111111111111111111111111101101111111110        0    
280          1111111111111111111111111111111111111111111111111101101111111110        0    
281          1111111111111111111111111111111111111111111111111101101110111110        0    
282          1111111111111111111111111111111111111111111111111101101110111110        0    
283          1111111111111111111111111111111111111111111111111101101110111110        0    
284          1111111111111111111111111111111111111111111111110111101111111110        0    
285          1111111111111111111111111111111111111111111111110111110100111110        0    
286          1111111111111111111111111111111111111111111111110111110100111110        0    
287          1111111111111111111111111111111111111111111111110111110011111110        3    
288          1111111111111111111111111111111111111111111111110111110011111110        3    
289          1111111111111111111111111111111111111111111111110111110010111110        3    
290          11111010011010111110010111110           0    
291          11111010011010111110010111110           0    
292          11111010011110110110011111110           0    
293          11110110011110110110011111110           2    
294          11110110011110111110100111110           2    
295          11110010011110111110100111110           2    
296          11110010011111110110101111110           2    
297          11011100011111110110101111110           0    
298          11111100011111111110110111110           0    
299          111111100011111111110110111110          0    
300          111111101011111111110110111110          0    
301          111111101011111111110111111110          0    
302          111111101011111111110111111110          0    
303          111111110011111111110111111110          4    
304          111111110011111000111110111110          4    
305          1111111111111111111111111111111111111111111111111000111110111110        0    
306          1111111111111111111111111111111111111111111111111000111100111110        0    
307          1111111111111111111111111111111111111111111111111000111100111110        0    
308          1111111111111111111111111111111111111111111111111000111010111010        0    
309          1111111111111111111111111111111111111111111111111000111010111010        0    
310          1111111111111111111111111111111111111111111111111000111000111010        0    
311          1111111111111111111111111111111111111111111111111000111000111010        0    
312          1111111111111111111111111111111111111111111111111000111000111010        0    
313          1111111111111111111111111111111111111111111111111000011110110110        0    
314          1111111111111111111111111111111111111111111111111000011110110110        0    
315          1111111111111111111111111111111111111111111111111111111100110110        0    
316          1111111111111111111111111111111111111111111111111111111100110110        0    
317          1111111111111111111111111111111111111111111111111111011010110010        0    
318          1111111111111111111111111111111111111111111111111111011010110010        0    
319          1111111111111111111111111111111111111111111111111110111000110010        0    
320          1111111111111111111111111111111111111111111111111110111000110010        0    
321          1111111111111111111111111111111111111111111111111110111000110010        0    
322          1111111111111111111111111111111111111111111111111110011110011110        0    
323          1111111111111111111111111111111111111111111111111110011110011110        3    
324          1111111111111111111111111111111111111111111111111110011110011110        3    
325          1111111111111111111111111111111111111111111111111110011100011110        3    
326          1111111111111111111111111111111111111111111111111110011100011110        3    
327          1111111111111111111111111111111111111111111111111110011010011010        3    
328          1111111111111111111111111111111111101111110011111110011010011010        3    
329          1111111111111111111111111111111111101011110011111111111010011010        3    
330          1111111111111111111111111111111111101011010011111111111010011010        3    
331          1111111111111111111111111111111111101111010011111111011010010110        2    
332          1111111111111111111111111111111111101110110011111111011010010110        2    
333          1111111111111111111111111111111111101111111011111111011010010110        2    
334          1111111111111111111111111111111111101111111011111111111010010110        2    
335          1111111111111111111111111111111111101111111011111111111010010110        0    
336          1111111111111111111111111111111111101111110011111011011100010010        0    
337          1111111111111111111111111111111111111111110011111011011100010010        0    
338          1111111111111111111111111111111111111111101011111011111110010010        0    
339          101111101011111011111110010010          3    
340          101111100011111011111000011110          3    
341          111111100011111011111000011110          3    
342          111111011011111011111010011110          3    
343          101111011011011011111010011110          0    
344          101111010011011011111010011110          0    
345          101111010011011100011011011110          0    
346          101101110011011100011011011110          0    
347          101101111011011111111010011110          1    
348          101101111011011111111010011110          1    
349          1111111111111111111111111111111111111111111011011111111010011110        0    
350          1111111111111111111111111111111111111111111011011111011011011110        0    
351          1111111111111111111111111111111111111111111011011111011011011110        0    
352          1111111111111111111111111111111111111111111011011111011011011110        4    
353          1111111111111111111111111111111111111111111010111111011011011010        4    
354          1111111111111111111111111111111111111111111010111111011011011010        4    
355          1111111111111111111111111111111111111111111111111111011011011010        0    
356          1111111111111111111111111111111111111111111111111111011011011010        0    
357          1111111111111111111111111111111111111111111111111111111011011010        0    
358          1111111111111111111111111111111111111111111111111111111011011010        0    
359          1111111111111111111111111111111111111111111111111111111011011010        0    
360          1111111111111111111111111111111111111111111111111111111011010110        0    
361          1111111111111111111111111111111111111111111111111111111111010110        0    
362          1111111111111111111111111111111111111111111111111111111111010110        0    
363          1111111111111111111111111111111111111111111111111111111111010110        0    
364          1111111111111111111111111111111111111111111111111111111111010110        0    
365          1111111111111111111111111111111111111111111111111111111111010110        0    
366          1111111111111111111111111111111111111111111111111111111111010010        1    
367          1111111111111111111111111111111111111111111111111111111011010010        1    
368          1111111111111111111111111111111111111111111010011111111011010010        0    
369          1111111111111111111111111111111111111111111010011111111011010010        0    
370          1111111111111111111111111111111111111111111010011111011110010010        0    
371          1111111111111111111111111111111111111111111010011110011110010010        0    
372          1111111111111111111111111111111111111111111010011110011110010010        0    
373          1111111111111111111111111111111111111111111010011101111111010010        4    
374          1111111111111111111111111111111111111111111010011101011110010010        4    
375          1111111111111111111111111111111111111111111010011101011110010010        4    
376          1111111111111111111111111111111111111111111111111101011110010010        0    
377          1111111111111111111111111111111111111111111111111100111110010110        0    
378          1111111111111111111111111111111111111111111111111100111110010110        0    
379          1111111111111111111111111111111111111111111111111100111110010110        3    
380          1111111111111111111111111111111111111111111111111100111110010110        3    
381          1111111111111111111111111111111111111111111111111100111110010110        3    
382          1111111111111111111111111111111111111111111111111100111110011010        3    
383          1010100111001111100111110011010         0    
384          1010100110001111100111110011010         4    
385          1010100110001011101111110011010         4    
386          1011100110001011101011110011110         4    
387          1011100110001011110011110011110         4    
388          1011111110001011011111110011110         4    
389          1011111110001011011111110011110         1    
390          1111111111111111111111111111111111111111110001011011111110011110        0    
391          1111111111111111111111111111111111111111110001011011111110010010        0    
392          1111111111111111111111111111111111111111110001011011011110010010        0    
