time         game_state
1            1111111111111111111111111111111111111111111111111110011111011110        4    
2            1111111111111111111111111111111111111111111111111110111111011110        4    
3            1111111111111111111111111111111111111111111111111111011111110010        4    
4            1111111111111111111111111111111111111111111111111111011111110010        4    
5            1111111111111111111111111111111111111111111111111111111111110010        4    
6            1111111111111111111111111111111111111111111111111111111111110010        4    
7            1111111111111111111111111111111111111111111111111000011110110010        4    
8            1111111111111111111111111111111111111111111111111000111101110010        4    
9            1111111111111111111111111111111111111111111111111000111101110010        4    
10           1111111111111111111111111111111111111111111111111000111111110010        4    
11           1111111111111111111111111111111111111111111111111000111111011110        4    
12           1111111111111111111111111111111111111111111111111000111101011110        4    
13           1111111111111111111111111111111111111111111111111000001110011110        4    
14           1111111111111111111111111111111111111111111111111111101111011110        3    
15           1111111111111111111111111111111111111101110011011111101111011110        0    
16           1111111111111111111111111111111111111101110011011111001111011010        0    
17           1111111111111111111111111111111111111101110011011111001111011010        0    
18           1111111111111111111111111111111111111101111011011111101111011010        0    
19           1111111111111111111111111111111111111101111011011110101111011010        0    
20           1111111111111111111111111111111111111101110011011111001111010110        4    
21           1111111111111111111111111111111111111111111111111111001111010110        0    
22           1111111111111111111111111111111111111111111111111111001011010110        0    
23           1111111111111111111111111111111111111111111111111111001011010010        0    
24           1111111111111111111111111111111111111111111111111111001011010010        0    
25           1111111111111111111111111111111111111111111111111111101100010010        0    
26           1111111111111111111111111111111111111111111111111111101110010010        0    
27           1111111111111111111111111111111111111111111111111111001101010010        3    
28           1111111111111111111111111111111111111111111111111111101110010010        3    
29           110111011011111111101110010010          0    
30           110111010011111011001110010010          0    
31           110111010011111100001110010010          2    
32           110111111011111100101110011110          2    
33           110111111011111101101110011110          2    
34           1110111110011111110101110011110         2    
35           1110111110011111110101110011110         0    
36           1110111101011111110101111011110         2    
37           1110111100011111110010100011110         2    
38           1110111100011111110010110011110         2    
39           1111011100011111111110111011110         2    
40           1111011100011111111111001011110         2    
41           1111111111111111111111111111111110111111100011111111011010011110        2    
42           1111111111111111111111111111111110111111101010111111011111011110        2    
43           1111111111111111111111111111111110111111110010111110111100011110        2    
44           1111111111111111111111111111111110111111110010111110111110011110        2    
45           1111111111111111111111111111111110111111111010111110011111011110        2    
46           1111111111111111111111111111111110111111111010111110010101011110        2    
47           1111111111111111111111111111111110111110100010111111110111011110        2    
48           1111111111111111111111111111111110111110001010111111010101010010        2    
49           1111111111111111111111111111111110111011101010111110110101010010        2    
50           1111111111111111111111111111111110111011101010111110110111010010        2    
51           1111111111111111111111111111111110110111001011111110110110010010        2    
52           1111111111111111111111111111111110110111001011111110111100010010        2    
53           1111111111111111111111111111111110110110100011111110111011010010        2    
54           1111111111111111111111111111111111110101111011111110111110010010        2    
55           1111111111111111111111111111111111110001110011111110111110010110        2    
56           1111111111111111111111111111111111110001110011111110111110010110        2    
57           1111111111111111111111111111111111101101110100111110111110010110        1    
58           1111111111111111111111111111111111101101110100111110110010010110        1    
59           1111111111111111111111111111111111111111110100011110110010010110        0    
60           1111111111111111111111111111111111111111111100011101110010011010        0    
61           1111111111111111111111111111111111111111110100111100110010011010        2    
62           1111111111111111111111111111111111111111110100111100110010011110        2    
63           1111111111111111111111111111111111111111110100111111110010011110        2    
64           1111111111111111111111111111111111101010000100111111110010011110        0    
65           1111111111111111111111111111111111100110100101111111110010011110        0    
66           1111111111111111111111111111111111100110100101111111110010011110        0    
67           1111111111111111111111111111111111100011000101111111110110110010        0    
68           1111111111111111111111111111111111100011101101111111110110110010        1    
69           1111111111111111111111111111111111100110010101111111110110110110        1    
70           1111111111111111111111111111111111100110010101111111111010110110        1    
71           1111111111111111111111111111111111111111110101011111111010110110        0    
72           1111111111111111111111111111111111111111111101011111111010110110        0    
73           1111111111111111111111111111111111111111111101011110111010110110        0    
74           1111111111111111111111111111111111111111110101011111111010111010        0    
75           1111111111111111111111111111111111111111110101111110111011111010        2    
76           1111111111111111111111111111111111111111100101111110111011111010        0    
77           1111111111111111111111111111111111111110100101111110111100111010        0    
78           1111111111111111111111111111111111111110100101111110111110111010        0    
79           1111111111111111111111111111111111110110100110111110111111111010        1    
80           1111111111111111111111111111111111110110100110111110111101111010        1    
81           1111111111111111111111111111111111010110101110111111111111111010        1    
82           1111111111111111111111111111111111111111111110011111111111111010        3    
83           1111111111111111111111111111111111111111110110010111111111111110        3    
84           1111111111111111111111111111111111010110110110010111111111111110        0    
85           1111111111111111111111111111111110110110111110011111111111111110        0    
86           1111111111111111111111111111111110110110111110011000111111111110        0    
87           1111111111111111111111111111111110111110111101111000111110111110        0    
88           1111111111111111111111111111111110111110111101111001111110111110        0    
89           1111111111111111111111111111111110111111111101111001111111111110        0    
90           1111111111111111111111111111111110111111111101111010111111111110        0    
91           1111111111111111111111111111111110110111111101011011111110111110        2    
92           1111111111111111111111111111111110110111111101111011111110111110        0    
93           1111111111111111111111111111111110110110111101111011111111111110        0    
94           1111111111111111111111111111111110110110111101111011110001111110        0    
95           1111111111111111111111111111111110101110111101111011110000111110        0    
96           1111111111111111111111111111111110101110111101111011110010111110        0    
97           1111111111111111111111111111111110111110111101111011111111111110        0    
98           1111111111111111111111111111111110110110111101111011111110111110        3    
99           1111111111111111111111111111111110110111111101111011111110111110        3    
100          1111111111111111111111111111111110110111111101111011111110111110        3    
101          1111111111111111111111111111111110110111111101011011111110111110        0    
102          1111111111111111111111111111111110111111111101011011111110111010        0    
103          1111111111111111111111111111111110111111111101011111111110111010        0    
104          1111111111111111111111111111111110111111010101011111111110111010        4    
105          1111111111111111111111111111111110111111111101111111111101111010        4    
106          1111111111111111111111111111111111111111111111111111111101111010        0    
107          1111111111111111111111111111111111111111111111111111111100111010        0    
108          1111111111111111111111111111111111111111111111111111111110111010        0    
109          1111111111111111111111111111111111111111111111111111111111111010        4    
110          1111111111111111111111111111111111111111111111111111111111111010        4    
111          1111111111111111111111111111111111111111111111111111111011110110        4    
112          1111111111111111111111111111111111111111111111111111111011110110        4    
113          1111111111111111111111111111111111111111111111111111111011110010        4    
114          1111111111111111111111111111111111111111111111111111101111110010        4    
115          1111111111111111111111111111111111111111111111111110101111110010        4    
116          1111111111111111111111111111111111111111111111111110101111110010        4    
117          1111111111111111111111111111111111111111111111111110101010110010        4    
118          1111111111111111111111111111111111111111111111111111101001110010        4    
119          1111111111111111111111111111111111111111111111111111101000110010        4    
120          1111111111111111111111111111111111111111111111111111101110110010        4    
121          1111111111111111111111111111111111111111111111111111101110110010        4    
122          1111111111111111111111111111111111111111111111111111101100110010        4    
123          1111111111111111111111111111111111111111111111111111101010110110        4    
124          1111111111111111111111111111111111111111111111111111101000110110        4    
125          1111111111111111111111111111111111111111111111111110101000111010        4    
126          1111111111111111111111111111111111111111111111111110011110111010        4    
127          1111111111111111111111111111111111111111111111111110011111111010        1    
128          1111111111111111111111111111111111111111111111111110011111111010        1    
129          1111111111111111111111111111111111111111111111111110011110111010        1    
130          1111111111111111111111111111111111111111110101111110011110111010        0    
131          1111111111111111111111111111111111111111110101011111011111111010        0    
132          1111111111111111111111111111111111111111110101011101111111110110        1    
133          1111111111111111111111111111111111111111110101011101111111110110        1    
134          1111111111111111111111111111111111111111110101011101011111110110        4    
135          1111111111111111111111111111111111111111110101011111011111110110        4    
136          1111111111111111111111111111111111111111111111111111011111110110        0    
137          1111111111111111111111111111111111111111111111111111111101110010        0    
138          1111111111111111111111111111111111111111111111111111010111110010        0    
139          1111111111111111111111111111111111111111111111111011110111011110        1    
140          1111111111111111111111111111111111111111111111111011110101011110        1    
141          1111111111111111111111111111111111111111111111111011110101011110        1    
142          1111111111111111111111111111111111111111111111111011110111011110        1    
143          1111111111111111111111111111111111111111110101111011110111011110        0    
144          1111111111111111111111111111111111111111111101111011110111011010        0    
145          1111111111111111111111111111111111111111110110011011110111011010        4    
146          1111111111111111111111111111111111111111111110011011010111010110        4    
147          1111111111111111111111111111111111111111111110011011010111010110        4    
148          1111111111111111111111111111111111111111111111111011010111010110        0    
149          1111111111111111111111111111111111111111111111111010110111010110        0    
150          1111111111111111111111111111111111111111111111111010110101010110        0    
151          1111111111111111111111111111111111111111111111111010001111010010        1    
152          1111111111111111111111111111111111111111111111111001101110010010        1    
153          1111111111111111111111111111111111111111111110011001101110010010        0    
154          1111111111111111111111111111111111111111110110011001001111010010        0    
155          1111111111111111111111111111111111111111110110011111001111010010        0    
156          1111111111111111111111111111111111111111111110011111101100010010        0    
157          1111111111111111111111111111111111111111111110011110101100010010        0    
158          1111111111111111111111111111111111111111110110011101001100010110        4    
159          1111111111111111111111111111111111111111111111111101001100010110        0    
160          1111111111111111111111111111111111111111111111110111101010010110        0    
161          1111111111111111111111111111111111111111111111110111001010011010        0    
162          1111111111111111111111111111111111111111111111110111001000011010        0    
163          1111111111111111111111111111111111111111111111110111101000011010        4    
164          1111111111111111111111111111111111111111111111110111101110011010        4    
165          1111111111111111111111111111111111111111111111110111101101011010        3    
166          1111111111111111111111111111111111111111111111110111101010011010        3    
167          1011111110101110111101010011010         0    
168          1011010110101010111101011011010         0    
169          1011010110101010110101011011010         0    
170          1010110110101010110001011011010         0    
171          1010110110101010111001011011010         2    
172          1010110110101011110001011011011         2    
173          1010110110101111110001011011011         0    
174          1010101101101111101101011010111         0    
175          1010101101101111101101111010111         0    
176          1010101101101111101101111010111         3    
177          1010101111101011101101111010111         0    
178          1010101111101011101101111010111         0    
179          1010101110101011101001111010111         0    
180          1010101110101011111001111010111         1    
181          1111111111111111111111111111111111111111110101011111001111010111        0    
182          1111111111111111111111111111111111111111110101011101001111010111        0    
183          1111111111111111111111111111111111111111110101011101001111010111        4    
184          1111111111111111111111111111111111111111111111111101001111010111        0    
185          1111111111111111111111111111111111111111111111111100101111010011        0    
186          1111111111111111111111111111111111111111111111111100101111010011        1    
187          1111111111111111111111111111111111111111111111111100101011010011        1    
188          1111111111111111111111111111111111111111111101011100101011010011        0    
189          1111111111111111111111111111111111111111111101010111101011010011        0    
190          1111111111111111111111111111111111111111110101010111001110010011        2    
191          1111111111111111111111111111111111111111110101010110001110010011        2    
192          1111111111111111111111111111111111111111110101010110001110010011        2    
193          1111111111111111111111111111111111111111110101010101001110010011        2    
194          1111111111111111111111111111111111111111001101110101001110010011        0    
195          1111111111111111111111111111111111111110101101110111101101010011        0    
196          1111111111111111111111111111111111111110101101110111101101010011        0    
197          1111111111111111111111111111111111111110001101110111101111010011        2    
198          1111111111111111111111111111111111110110001101110111101111010011        2    
199          1111111111111111111111111111111111110110001101110111101101010011        2    
200          1111111111111111111111111111111111110110000101110111101101010011        2    
201          1111111111111111111111111111111111110110000011110111001110010011        2    
202          1111111111111111111111111111111111110111111011110111001110010011        2    
203          1111111111111111111111111111111111110111111011110111101110010011        2    
204          1111111111111111111111111111111111110111110011110111101110010011        2    
205          1111111111111111111111111111111111110111110011110111001110010011        2    
206          1111111111111111111111111111111111110111101011110111001110010011        2    
207          1111111111111111111111111111111111110111101011110111001111010011        2    
208          1111111111111111111111111111111111110111101011110111111111010011        2    
209          1111111111111111111111111111111111110111100011110111111111010011        2    
210          1111111111111111111111111111111111111101100011111101011111010011        2    
211          1111111111111111111111111111111111111001100011111101011111010011        2    
212          1111111111111111111111111111111111111001100011111101111111010011        2    
213          1111111111111111111111111111111111111101100011111101111111010011        2    
214          1111111111111111111111111111111111111101100011111101110100010011        2    
215          1111111111111111111111111111111111111101100011111101110110010011        2    
216          1111111111111111111111111111111111111101101011111101110110010011        2    
217          1111111111111111111111111111111111111101101011111101111000010011        2    
218          1111111111111111111111111111111111111101110011111101111000010011        2    
219          1111111111111111111111111111111111111101110011111101011010010011        3    
220          1111111111111111111111111111111111111101111011011101011010010011        0    
221          1111111111111111111111111111111111111101111011011101011011010011        0    
222          1111111111111111111111111111111111111111111011010111111011010011        0    
223          1111111111111111111111111111111111111111110011010111111011010011        0    
224          1111111111111111111111111111111111111111010011010111011011010011        2    
225          1111111111111111111111111111111111111111011011010111011011010011        2    
226          1111111111111111111111111111111110111111011011011110111011010011        2    
227          1111111111111111111111111111111110111111001011111110111011010011        0    
228          1111111111111111111111111111111110111111001011111110111010010011        0    
229          1111111111111111111111111111111110111110101011111110011110010011        0    
230          1111111111111111111111111111111110110110101011111110011110010011        0    
231          1111111111111111111111111111111110110110101011111110011110010011        2    
232          1111111111111111111111111111111110110110100011111110011110010011        2    
233          1111111111111111111111111111111110110110100011111110110010010011        2    
234          1111111111111111111111111111111110110111111011111110110010010111        2    
235          1111111111111111111111111111111110110111111011111110110010010111        2    
236          1111111111111111111111111111111110110111110011111110110010010111        2    
237          1111111111111111111111111111111110110111110011111111110110010111        2    
238          1111111111111111111111111111111110110111101011111111110110010111        2    
239          1111111111111111111111111111111110110101101011111111110110010111        4    
240          1111111111111111111111111111111111111111111111111111110110010111        0    
241          1111111111111111111111111111111111111111111111111000110110010111        0    
242          1111111111111111111111111111111111111111111111111000110110010111        0    
243          1111111111111111111111111111111111111111111111111000110010010111        1    
244          1111111111111111111111111111111111111111111111111000110010010111        1    
245          1111111111111111111111111111111111111111111111111000110010011011        1    
246          1111111111111111111111111111111111111111111011111000110010011011        0    
247          1111111111111111111111111111111111111111111011011111110010011011        0    
248          1111111111111111111111111111111111111111110011011111110010011011        0    
249          1111111111111111111111111111111111111111110011011110110010011011        1    
250          1111111111111111111111111111111111111111111011011110110010011011        1    
251          1111111111111111111111111111111111111111111011011110110010011011        2    
252          1111111111111111111111111111111111111111111011010111110010011011        2    
253          1111111000011110111110010011011         0    
254          1111111100011110111110010011011         0    
255          1111111101011110111110010011011         0    
256          1111110001011110111110110011011         0    
257          1111110001011110111110110011011         0    
258          1111110001011110111110110011111         2    
259          1111110101011110111110110011111         2    
260          1110110101011110111110110011111         2    
261          1110111001011110111111010011111         2    
262          1110111000011110111111010011111         2    
263          1110111100011110111111010011111         2    
264          1110111111011110111111010011111         2    
265          1110111111011110111111010011111         2    
266          1111101111011110111111110011111         2    
267          1111101110011110111111110011111         3    
268          1111101110011110111111110011111         3    
269          1111101111011110111111110011111         0    
270          1111101111011110111111110011111         0    
271          1111101110011110111111110011111         0    
272          1111101110011110111111110110011         1    
273          1111101110011111111111110110011         1    
274          1111111111111111111111111111111111111111110011111111111110110011        0    
275          1111111111111111111111111111111111111111110011111110111110110011        0    
276          1111111111111111111111111111111111111111110011111110111110110011        0    
277          1111111111111111111111111111111111111111110011111101111110110011        0    
278          1111111111111111111111111111111111111111111011111101111110110011        0    
279          1111111111111111111111111111111111111111111011011100111110110011        0    
280          1111111111111111111111111111111111111111110011011100111110110011        0    
281          1111111111111111111111111111111111111111110011011011111110110011        0    
282          1111111111111111111111111111111111111111111011011011111110110011        0    
283          1111111111111111111111111111111111111111111011010111111110110111        0    
284          1111111111111111111111111111111111111111110011010111111110110111        0    
285          1111111111111111111111111111111111111111110011010111111110110111        0    
286          1111111111111111111111111111111111111111111011010111111110110111        0    
287          1111111111111111111111111111111111111111111010110111111110110111        0    
288          1111111111111111111111111111111111111111111010110111111110110111        3    
289          1111111111111111111111111111111111111111111010111111111110110111        3    
290          1111111111111111111111111111111110111110011010111111111110110111        0    
291          1111111111111111111111111111111110111110011010111000111110110111        0    
292          1111111111111111111111111111111110111110010010111000111110110111        0    
293          1111111111111111111111111111111110111110010010111001111110110111        0    
294          1111111111111111111111111111111110111101111010111001111110110111        0    
295          1111111111111111111111111111111110111101111010111001111110111010        0    
296          1111111111111111111111111111111110111101111010111011111110111010        0    
297          1111111111111111111111111111111110111001110010111011111110111010        0    
298          1111111111111111111111111111111110111001110010111011111111111010        2    
299          1111111111111111111111111111111110111001110010111011111111111010        2    
300          1111111111111111111111111111111110111101110010111011111111111010        2    
301          1111111111111111111111111111111110111101110010111011111110111010        2    
302          1111111111111111111111111111111110111101110010111110111110111010        2    
303          1111111111111111111111111111111110111101111010111110111110111010        2    
304          1111111111111111111111111111111110111101111010111110111111111010        2    
305          1111111111111111111111111111111110111101111011011111111111111010        2    
306          1111111111111111111111111111111110111111100011111111111111111010        0    
307          1111111111111111111111111111111110111111100011111111111111111010        0    
308          1111111111111111111111111111111110111110000011111111110101111010        0    
309          1111111111111111111111111111111110111110001011111111110101111010        0    
310          1111111111111111111111111111111110111110001011111111110101111110        0    
311          1111111111111111111111111111111111101110001011111111110111111110        0    
312          1111111111111111111111111111111111101110010011111111110111111110        0    
313          1111111111111111111111111111111111101110010011111111110111111110        0    
314          1111111111111111111111111111111111111110010011111111110101111110        0    
315          1111111111111111111111111111111111111110011011111111110101111110        0    
316          1111111111111111111111111111111111111110011011111111110101110010        0    
317          1111111111111111111111111111111111101110011011111111110111110010        0    
318          1111111111111111111111111111111111101110100011111111110111110010        3    
319          1111111111111111111111111111111111101110100011111111110111110010        3    
320          1111111111111111111111111111111111101110100011111111111101110010        3    
321          1111111111111111111111111111111111111010110011111111111101110010        0    
322          1111111111111111111111111111111111111010110011111111111101110110        0    
323          1111111111111111111111111111111111111011110011111111111101110110        0    
324          1111111111111111111111111111111111111111110011111111111101110110        0    
325          1111111111111111111111111111111111111111110011111111111101110110        0    
326          1111111111111111111111111111111111111111110100011111111101110110        4    
327          1111111111111111111111111111111111111011110100011111111101110110        4    
328          1111111111111111111111111111111111111011110100011111111101111010        4    
329          1111111111111111111111111111111111111011110100011011111101111011        4    
330          1111111111111111111111111111111111111111111111111011111101111011        0    
331          1111111111111111111111111111111111111111111111111011111101111011        0    
332          1111111111111111111111111111111111111111111111111011110111111011        0    
333          1111111111111111111111111111111111111111111111111011110111111011        0    
334          1111111111111111111111111111111111111111111111111011110101111011        3    
335          1111111111111111111111111111111111111110110100011011110101111011        0    
336          1111111111111111111111111111111111111110110100011011110110111011        0    
337          1111111111111111111111111111111111111110110100011011110110111011        0    
338          1111111111111111111111111111111111111110110100111011110110111011        0    
339          1111111111111111111111111111111111111110110100111011110110111011        0    
340          1111111111111111111111111111111111101110110100111011110110111011        0    
341          1111111111111111111111111111111111101110110100111011110110111011        1    
342          1111111111111111111111111111111111111111110100111011110110111011        0    
343          1111111111111111111111111111111111111111110100111011110111111011        0    
344          1111111111111111111111111111111111111111110100111011110111111011        0    
345          1111111111111111111111111111111111111111110100111011110111111011        0    
346          1111111111111111111111111111111111111111110100111011110111111011        2    
347          1111111111111111111111111111111111111111110100111011110111111011        2    
348          1111111111111111111111111111111111101111100100111011110111111011        0    
349          1111111111111111111111111111111111101111100100111011111100111011        0    
350          1111111111111111111111111111111111101111100100111011111111011111        0    
351          1111111111111111111111111111111111101111100100111011111111011111        1    
352          1111111111111111111111111111111111101111100101111011111111011111        1    
353          1111111111111111111111111111111111101111100101111011111111011111        1    
354          1111111111111111111111111111111111101111100101111011111111011111        1    
355          1111111111111111111111111111111111111111110101011011111111011111        0    
356          1111111111111111111111111111111111111111110101011011111111110011        0    
357          1111111111111111111111111111111111111111110101011111111111110011        0    
358          1111111111111111111111111111111111111111110101011111111111110011        4    
359          1111111111111111111111111111111111111111110101011111111111110011        4    
360          1111111111111111111111111111111111111111111101011111111110110011        4    
361          1111111111111111111111111111111111111111111101011111111110110011        4    
362          1111111111111111111111111111111111111111111111111111111110110011        0    
363          1111111111111111111111111111111111111111111111111111111101110011        0    
364          1111111111111111111111111111111111111111111111111111111111110011        0    
365          1111111111111111111111111111111111111111111111111111111111110011        4    
366          1111111111111111111111111111111111111111111111111111111101110011        4    
367          1111111111111111111111111111111111111111111111111111111101110011        4    
368          1111111111111111111111111111111111111111111111111111111101011111        4    
369          1111111111111111111111111111111111111111111111111111111111011111        4    
370          1111111111111111111111111111111111111111111111111111111111011111        4    
371          1111111111111111111111111111111111111111111111111111111101011111        4    
372          1111111111111111111111111111111111111111111111111111111101011011        4    
373          1111111111111111111111111111111111111111111111111111101111011011        4    
374          1111111111111111111111111111111111111111111111111111101111011011        4    
375          1111111111111111111111111111111111111111111111111111101111011011        4    
376          1111111111111111111111111111111111111111111111110111101101011011        4    
377          1111111111111111111111111111111111111111111111110111101110011011        4    
378          1111111111111111111111111111111111111111111111110111101110011011        4    
379          1111111111111111111111111111111111111111111111110111101111011011        4    
380          1111111111111111111111111111111111111111111111110111101111011011        4    
381          1111111111111111111111111111111111111111111111110111101111011011        4    
382          1111111111111111111111111111111111111111111111110111101111011011        4    
383          1111111111111111111111111111111111111111111111110111101111011011        4    
384          1111111111111111111111111111111111111111111111110111101111011111        4    
385          1111111111111111111111111111111111111111111111111101101111011111        3    
386          1111111111111111111111111111111111111111111111111101101111011111        3    
387          1111111111111111111111111111111111111111111111111101101111011111        3    
388          1111111111111111111111111111111111111111111111111101101111011111        3    
389          1111111111111111111111111111111111111111111111111101101111011111        3    
390          1111111111111111111111111111111111111111111111111101101111110011        3    
391          1111111111111111111111111111111111111111111111111101101111110011        3    
392          1111111111111111111111111111111111101001111011111101101111110011        0    
393          1111111111111111111111111111111111101001111011111101101111110011        0    
394          1111111111111111111111111111111111101001111011011110101111110011        0    
395          1111111111111111111111111111111111101001111011011110101111110011        4    
396          1111111111111111111111111111111111101001111011011110101110110011        4    
397          1111111111111111111111111111111111101001110011011111101110110011        4    
398          1111111111111111111111111111111111101001110011011111101101110011        4    
399          1111111111111111111111111111111111101001110011011111101101110011        4    
400          1111111111111111111111111111111111111111111111111111101101110011        0    
401          1111111111111111111111111111111111111111111111111111101101110011        0    
402          1111111111111111111111111111111111111111111111111111011111110011        1    
403          1111111111111111111111111111111111111111111111111111011111110011        1    
404          1111111111111111111111111111111111111111111111111111011111011111        1    
405          1111111111111111111111111111111111111111111111111110111101011111        1    
406          1111111111111111111111111111111111111111111111111110111100011111        1    
407          1111111111111111111111111111111111111111111111111110011110011111        1    
408          1111111111111111111111111111111111111111111011011110011110011111        0    
409          1111111111111111111111111111111111111111111011011110011011011111        0    
410          1111111111111111111111111111111111111111111011110111011011011111        0    
411          1111111111111111111111111111111111111111110011110111011011011011        1    
412          1111111111111111111111111111111111111111110011110110011011011011        1    
413          1111111111111111111111111111111111111111110011110110011010011011        4    
414          1111111111111111111111111111111111111111110011110111111010011011        4    
415          1111111111111111111111111111111111111111111111110111111010011011        0    
416          1111111111111111111111111111111111111111111111110111111011011011        0    
417          1111111111111111111111111111111111111111111111110111011001011011        0    
418          1111111111111111111111111111111111111111111111110111011001011011        0    
419          1111111111111111111111111111111111111111111111110111011000011011        1    
420          1111111111111111111111111111111111111111111111110111111110011011        1    
421          1111111111111111111111111111111111111111111111110111111110011011        1    
422          1111111111111111111111111111111111111111111111111101011100011011        1    
423          1111111111111111111111111111111111111111111111111101011100010111        1    
424          1111111111111111111111111111111111111111111111111101111010010111        1    
425          1111111111111111111111111111111111111111111011111101111010010111        0    
426          1111111111111111111111111111111111111111110011111101111010010111        0    
427          1111111111111111111111111111111111111111110011111101111010010111        1    
428          1111111111111111111111111111111111111111110011111100111010010111        1    
429          1111111111111111111111111111111111111111110011111100111010010011        1    
430          1111111111111111111111111111111111111111110011011011111010010011        3    
431          1111111111111111111111111111111111111111010011011011111010010011        0    
432          1111111111111111111111111111111111111111010011011011110111010011        0    
433          1111111111111111111111111111111111111111011011011100010111010011        0    
434          1111111111111111111111111111111111111111011011011100010110010011        0    
435          1111111111111111111111111111111111111011011011010111110110010011        4    
436          1111111111111111111111111111111111111111111111110111110110010011        0    
437          1111111111111111111111111111111111111111111111110111110111010011        0    
438          1111111111111111111111111111111111111111111111110111010101010011        0    
439          1111111111111111111111111111111111111111111111110111010101010011        1    
440          1111111111111111111111111111111111111111111111110111010101010011        1    
441          1111111111111111111111111111111111111111111111110111101111010011        1    
442          1111111111111111111111111111111111111111111111110111101111011111        1    
443          1111111111111111111111111111111111111111111111110111001101011111        1    
444          1111111111111111111111111111111111111111111011010111001101011111        0    
445          1111111111111111111111111111111111111111111011010111001101011111        0    
446          1111111111111111111111111111111111111111110011110110001101011111        0    
447          1111111111111111111111111111111111111111110011110110001101011111        1    
448          1111111111111111111111111111111111111111110011110110001110011111        1    
449          1111111111111111111111111111111111111111111011110111001110011111        1    
450          1111111111111111111111111111111111111111111011110111001111011111        1    
451          1111111111111111111111111111111111111111110011110110101111011111        1    
452          1111111111111111111111111111111111111111110011110110101100011111        1    
453          1111111111111111111111111111111111111111110011110111001100011111        1    
454          1111111111111111111111111111111111111111110011110111001100011111        1    
455          1111111111111111111111111111111111111111110011110111001101011111        1    
456          1111111111111111111111111111111111111111110011110111101101011111        1    
457          1111111111111111111111111111111111111111110011110111101110011111        1    
458          1111111111111111111111111111111111111111111011111111001110011111        4    
459          1111111111111111111111111111111111111111111011111111001111011111        4    
460          1111111111111111111111111111111111111111110011111110101111011111        4    
461          1111111111111111111111111111111111111111111111111110101111011111        0    
462          1111111111111111111111111111111111111111111111111110101100011111        0    
463          1111111111111111111111111111111111111111111111101110101110011111        0    
464          1111111111111111111111111111111111111111111111101110101111011111        4    
465          1111111111111111111111111111111111111111111111111110101101011111        4    
466          1111111111111111111111111111111111111111111111111110101110011111        4    
467          1111111111111111111111111111111111111111111111111110001110011111        4    
468          1111111111111111111111111111111111111111111111111110001110011011        4    
469          1111111111111111111111111111111111111111111111111111101110011011        4    
470          1111111111111111111111111111111111111111111111111111101110011011        4    
471          1111111111111111111111111111111111111111111111101111001110011011        4    
472          1111111111111111111111111111111111111111111111101111001110010110        4    
473          1111111111111111111111111111111111111111111111111111001110010110        4    
474          1111111111111111111111111111111111111111111111111111001110010110        4    
475          1111111111111111111111111111111111111111111111111110111110010110        4    
476          1111111111111111111111111111111111111111111111111110111110010010        4    
477          1111111111111111111111111111111111111111111111111110111110010010        4    
478          1111111111111111111111111111111111111111111111111110111110010010        4    
479          1111111111111111111111111111111111111111111111111111111110010010        4    
480          1111111111111111111111111111111111111111111111111111111110111010        4    
481          1111111111111111111111111111111111111111111111111111111110111010        4    
482          1111111111111111111111111111111111111111111111111111111110111010        4    
483          1111111111111111111111111111111111111111111111111110111110111010        4    
484          1111111111111111111111111111111111111111111111111110111110110110        1    
485          1111111111111111111111111111111111111111111111101110111110110110        1    
486          1111111111111111111111111111111111111111111111101110111110110110        1    
487          1111111111111111111111111111111111111111111111111110101110110110        1    
488          1111111111111111111111111111111111111111111011011110101110110110        0    
489          1111111111111111111111111111111111111111111011011110101110110010        0    
490          1111111111111111111111111111111111111111110011101101101110110010        0    
491          1111111111111111111111111111111111111111110011101101101110110010        1    
492          1111111111111111111111111111111111111111111011101100101110110010        1    
493          1111111111111111111111111111111111111111111011101100101110111110        1    
494          1111111111111111111111111111111111111111110011101011101110111110        1    
495          1111111111111111111111111111111111111111110011101011101111111110        1    
496          1111111111111111111111111111111111111111111011101011101111111110        1    
497          1111111111111111111111111111111111111111111011101011101110111110        1    
498          1111111111111111111111111111111111111111111011011011101110111110        1    
499          1111111111111111111111111111111111111111111011011011101111111110        1    
500          1111111111111111111111111111111111111111111011001011101111111110        1    
501          1111111111111111111111111111111111111111111011001011101110111110        1    
502          1111111111111111111111111111111111111111110010110111101110111110        1    
503          1111111111111111111111111111111111111111110010110111101111111110        1    
504          1111111111111111111111111111111111111111111010100111101111111110        1    
505          1111111111111111111111111111111111111111111010100111101110111110        1    
506          1111111111111111111111111111111111111111110010010111101110111110        1    
507          1111111111111111111111111111111111111111110010010111101111111110        1    
508          1111111111111111111111111111111111111111111010000111101111111110        1    
509          1111111111111111111111111111111111111111111010000111101110111110        1    
510          1111111111111111111111111111111111111111110001110011101110111110        1    
511          1111111111111111111111111111111111111111110001110011101111111110        1    
512          1111111111111111111111111111111111111111110001100011101111111110        1    
513          1111111111111111111111111111111111111111110001100011101110111110        1    
514          1111111111111111111111111111111111111111110001010011101110111110        1    
515          1111101100001110011101111111110         0    
516          1111101101001110011101111111110         0    
517          1111101101001110011110011111110         0    
518          1111101101001110011110010111110         0    
519          1111101110001110011110010111110         0    
520          1111101110001110011110010111110         0    
521          1111101110001110011110011111110         0    
522          1111101111001110001110011111110         0    
523          1111101111001110001110101111110         2    
524          1111101111001110001110101110010         2    
525          1111111100001110001110101110010         2    
526          1111111100001110001110111110010         2    
527          1111110000001110001110111110010         2    
528          1111110001001110001110111110010         2    
529          1111110001001110001111001110010         2    
530          1111110101001110001111001110110         3    
531          1111010111001100001111001110110         0    
532          1111011011001100010111001110110         0    
533          1110111011001110010111001110110         0    
534          1110111011001110011111001110111         0    
535          1110111011001110011111001111011         0    
536          1110111011001110100111001111011         0    
537          1110111010010000100111001111011         0    
538          1110111010010000101111001111011         0    
539          1110111010010000110111001111011         0    
540          110111010010000110111010111011          0    
541          110111010010000111111010111011          4    
542          110111111010000111111010111011          4    
543          110111111010001001111010111011          4    
544          1111111111111111111111111111111111111111111111101001111010111011        0    
545          1111111111111111111111111111111111111111111111101001110110111011        0    
546          1111111111111111111111111111111111111111111111101001110111111011        0    
547          1111111111111111111111111111111111111111111111101001110111111011        4    
548          1111111111111111111111111111111111111111111111101001110011111011        1    
549          1111111111111111111111111111111111111111111111101001110011111011        1    
550          1111111111111111111111111111111111111111111111101001110100111011        1    
551          1111111111111111111111111111111111111111111111101010101110111011        1    
552          1111111111111111111111111111111111111111110010001010101110111011        2    
553          1111111111111111111111111111111111111111110010000111101110111011        2    
554          1111111111111111111111111111111111111111110010000110101111111011        2    
555          1111111111111111111111111111111111111111111010000110101111111011        2    
556          1111111111111111111111111111111111111111111010000111101111111011        2    
557          111111101010100111101111111011          0    
558          111111101010100111110101111011          0    
559          111111101010100111110110111011          2    
560          111111100010100111110110111011          2    
561          111111100010100111110110111011          2    
562          111111100010100111110110111011          3    
563          111101100010100111110111111011          3    
564          111101100010100111111111111011          3    
565          111101110010000111111111111011          0    
566          111101111010010111111111111011          0    
567          111101111010010111111111011111          0    
568          111101111010010111111111011111          4    
569          111101011010010111111111011111          4    
570          111101011010011011111111110011          4    
571          1111111111111111111111111111111111111111111111111011111111110011        0    
572          1111111111111111111111111111111111111111111111101011111111110011        0    
573          1111111111111111111111111111111111111111111111101011111111110011        0    
574          1111111111111111111111111111111111111111111111101011111110110011        4    
575          1111111111111111111111111111111111111111111111101011111110110011        4    
576          1111111111111111111111111111111111111111111111101011111111110011        1    
577          1111111111111111111111111111111111111111111111111011111111110011        1    
578          1111111111111111111111111111111111111111111111111011111101110011        1    
579          1111111111111111111111111111111111111111111111111011101111011111        1    
580          1111111111111111111111111111111111111111111010111011101111011111        0    
581          1111111111111111111111111111111111111111111010111011101111011111        0    
582          1111111111111111111111111111111111111111111011000111101111011111        0    
583          1111111111111111111111111111111111111111111011000111101111011011        4    
584          1111111111111111111111111111111111111111111011000111101111011011        4    
585          1111111111111111111111111111111111111111111111100111101111011011        0    
586          1111111111111111111111111111111111111111111111110111101110011011        0    
587          1111111111111111111111111111111111111111111111110111101111011011        4    
588          1111111111111111111111111111111111111111111111110111101111011011        4    
589          1111111111111111111111111111111111111111111111100111101111011011        4    
590          1111111111111111111111111111111111111111111111100111101111011111        4    
591          1111111111111111111111111111111111111111111111100111101111011111        1    
592          1111111111111111111111111111111111111111111111100111101111110011        1    
593          1111111111111111111111111111111111111111111111100111101111110011        1    
594          1111111111111111111111111111111111111111111111100111101111110011        1    
595          1111111111111111111111111111111111111111110011100111101111110011        0    
596          1111111111111111111111111111111111111111110011100110101110110011        1    
597          1111111111111111111111111111111111111111110011100110101110110011        1    
598          1111111111111111111111111111111111111111110011100011101101110011        1    
599          1111111111111111111111111111111111111111111011100011101101110011        1    
600          1111111111111111111111111111111111111111111011100010101101110011        2    
601          1111111111111111111111111111111111111111111011100011101101011111        2    
602          1111000111011100011101101011111         0    
603          1111000111011100011101101011111         0    
604          1111000111011100011101110011111         0    
605          1111000110011100001101110011111         0    
606          1111000110011100001101111011111         0    
607          1111000110011100001101111011111         2    
608          1111111111111111111111111111111110111000110011100001101111011111        2    
609          1111111111111111111111111111111110111000110011100001101011110011        2    
610          1111111111111111111111111111111110111000101011100001101011110011        2    
611          1111111111111111111111111111111110111000101011100001101010110011        2    
612          1111111111111111111111111111111110111000101011100001101101110011        3    
613          1111111111111111111111111111111110111001101011100001101101110011        3    
614          1111111111111111111111111111111110111001100011100001101110110011        3    
615          1111111111111111111111111111111110111001110011100001101110110011        0    
616          1111111111111111111111111111111110111001110011100010101110110011        4    
617          1111111111111111111111111111111110111001110011100011101110110111        1    
618          1111111111111111111111111111111111111111110011100011101110110111        0    
619          1111111111111111111111111111111111111111111011100010101110110111        0    
620          1111111111111111111111111111111111111111111011100001101110111011        4    
621          1111111111111111111111111111111111111111111111100001101110111011        0    
622          1111111111111111111111111111111111111111111111100001101111111011        0    
623          1111111111111111111111111111111111111111111111101111101111111011        0    
624          1111111111111111111111111111111111111111111111101111101110111011        0    
625          1111111111111111111111111111111111111111111111101111101101111011        4    
626          1111111111111111111111111111111111111111111111101111100111110111        4    
627          1111111111111111111111111111111111111111111111101111100111110111        4    
628          1111111111111111111111111111111111111111111111101111100101110111        2    
629          1111111111111111111111111111111110111010101011101111100101110111        0    
630          1111111111111111111111111111111110111010101011101111100111110011        0    
631          1111111111111111111111111111111110111011001011101111100111110010        0    
632          1111111111111111111111111111111110111011000011101101101101110010        0    
633          1111111111111111111111111111111110111011000011101101101101110010        2    
634          1111111111111111111111111111111110111011101011101101101110110010        2    
635          1111111111111111111111111111111110111011101011101101101110110010        2    
636          1111111111111111111111111111111110111011100011101101101111110010        2    
637          1111111111111111111111111111111110111011100011101101101111110010        3    
638          1111111111111111111111111111111110111011011011101101101110110010        3    
639          1111111111111111111111111111111110111011011011101101101110110010        0    
640          1111111111111111111111111111111111111011011011101101101110110010        0    
641          1111111111111111111111111111111111111011010011101011101111110010        0    
642          1111111111111111111111111111111111111011010011101011101111110010        4    
643          1111111111111111111111111111111111111011011011011011101111110010        4    
644          1111111111111111111111111111111111111011011011011011101111110010        4    
645          1111111111111111111111111111111111111011010011001111101111110110        4    
646          1111111111111111111111111111111111111011110011001111101111110110        4    
647          1111111111111111111111111111111111111011111010111111101111110110        4    
648          1111111111111111111111111111111111111111111111111111101111110110        4    
649          1111111111111111111111111111111111111111111111111111101111110110        4    
650          1111111111111111111111111111111111111111111111101111101101111010        4    
651          1111111111111111111111111111111111111111111111101111101101111010        4    
652          1111111111111111111111111111111111111111111111111111101011111010        4    
653          1111111111111111111111111111111111111111111111111111101011111010        3    
654          1111111111111111111111111111111111111111111111101111101001111110        3    
655          1111111111111111111111111111111111111110111010001111101001111110        0    
656          1111111111111111111111111111111111101110111010001111101001111110        0    
657          1111111111111111111111111111111111101110111001111111101001111110        0    
658          1111111111111111111111111111111110111110111001111111101001111110        0    
659          1111111111111111111111111111111110110110111001101111101001110010        4    
660          1111111111111111111111111111111110110111111001101111101001110010        4    
661          1111111111111111111111111111111110110111111001011011101001110010        4    
662          1111111111111111111111111111111111111111111111111011101001110010        0    
663          1111111111111111111111111111111111111111111111111011101001110010        0    
664          1111111111111111111111111111111111111111111111111011100111110110        0    
665          1111111111111111111111111111111111111111111111111011100111110110        4    
666          1111111111111111111111111111111111111111111111111010100101110110        4    
667          1111111111111111111111111111111111111111111111111010100101110110        4    
668          1111111111111111111111111111111111111111111111111010100011111010        4    
669          1111111111111111111111111111111111111111111111111010100011111010        2    
670          1111111111111111111111111111111111111111111111111001100010111010        2    
671          1111111111111111111111111111111110100111111001111001100010111010        0    
672          1111111111111111111111111111111110110111111001111001100010111010        0    
673          1111111111111111111111111111111110110111100001111001100011111010        0    
674          1111111111111111111111111111111110100111100001111001100011111010        0    
675          1111111111111111111111111111111110011111100001111000100100111010        0    
676          1111111111111111111111111111111110011111100001111000100100111010        1    
677          1111111111111111111111111111111110011111100001111000100111111010        1    
678          1111111111111111111111111111111110011111100001111000100111111010        1    
679          1111111111111111111111111111111110010111100001101000101101110110        1    
680          1111111111111111111111111111111111111111110001001000101101110110        0    
681          1111111111111111111111111111111111111111110001001000101101110110        0    
682          1111111111111111111111111111111111111111110000111111101101110110        0    
683          1111111111111111111111111111111111111111110000111111101101110110        4    
684          1111111111111111111111111111111111111111110000101110101101110010        4    
685          1111111111111111111111111111111111111111110000101110101101110010        4    
686          1111111111111111111111111111111111111111110000011101101101110010        4    
687          1111111111111111111111111111111111111111111111111101101101110010        0    
688          1111111111111111111111111111111111111111111111111101101101110010        0    
689          1111111111111111111111111111111111111111111111111101100111111110        0    
690          1111111111111111111111111111111111111111111111111101100101111110        4    
691          1111111111111111111111111111111111111111111111111101100101111110        4    
692          1111111111111111111111111111111111111111111111111101100111111010        4    
693          1111111111111111111111111111111111111111111111111101100111111010        4    
694          1111111111111111111111111111111111111111111111111111100101111010        4    
695          1111111111111111111111111111111111111111111111111111100101111010        2    
696          1111111111111111111111111111111111111111111111111111111111110110        2    
697          1010111000000111111111111110110         0    
698          1010111100000111111111111110110         1    
699          1010110111000111111100101110110         1    
700          1111111111111111111111111111111111111111111000011111100101110110        0    
701          1111111111111111111111111111111111111111111000011111100101110110        1    
702          1111111111111111111111111111111111111111110000011111100101110010        1    
703          1111111111111111111111111111111111111111110000011111100101110010        1    
704          1111111111111111111111111111111111111111111000101011100101110010        1    
705          1111111111111111111111111111111111111111111000101011100101110010        1    
706          1111111111111111111111111111111111111111110000111011100100110010        1    
707          1111111111111111111111111111111111111111110000111011100100110010        1    
708          1111111111111111111111111111111111111111111001001011100011110010        1    
709          1111111111111111111111111111111111111111111001001011100011110010        1    
