time         game_state
1            1111111111111111111111111111111111111111111111111110011111011110        0    
2            1111111111111111111111111111111111111111111111111110111111011110        0    
3            1111111111111111111111111111111111111111111111111110111111011110        0    
4            1111111111111111111111111111111111111111111111111111011111110010        0    
5            1111111111111111111111111111111111111111111111111111011111110010        0    
6            1111111111111111111111111111111111111111111111111111111111110010        0    
7            1111111111111111111111111111111111111111111111111111111111110010        0    
8            1111111111111111111111111111111111111111111111111000011110110010        0    
9            1111111111111111111111111111111111111111111111111000011110110010        0    
10           1111111111111111111111111111111111111111111111111000111111110010        0    
11           1111111111111111111111111111111111111111111111111000111101110010        0    
12           1111111111111111111111111111111111111111111111111000111101110010        0    
13           1111111111111111111111111111111111111111111111111000111111110010        0    
14           1111111111111111111111111111111111111111111111111000111111011110        0    
15           1111111111111111111111111111111111111111111111111000111101011110        0    
16           1111111111111111111111111111111111111111111111111000011100011110        0    
17           1111111111111111111111111111111111111111111111111000001110011110        0    
18           1111111111111111111111111111111111111111111111111111101111011110        0    
19           1111111111111111111111111111111111111111111111111111101111011110        3    
20           1111111111111111111111111111111111111101110011011111101111011110        0    
21           1111111111111111111111111111111111111101110011011111001111011010        0    
22           1111111111111111111111111111111111111101110011011111001111011010        0    
23           1111111111111111111111111111111111111101111011011111001111011010        1    
24           1111111111111111111111111111111111111101111011011111101111011010        1    
25           1111111111111111111111111111111111111101111011011110101111011010        1    
26           1111111111111111111111111111111111111111111011011110101111011010        0    
27           1111111111111111111111111111111111111111110011011110001111010110        0    
28           1111111111111111111111111111111111111111110011011111001111010110        0    
29           1111111111111111111111111111111111111111111011111111001111010110        1    
30           1111111111111111111111111111111111111111111011111110001111010110        1    
31           1111111111111111111111111111111111111111110011111110001111010110        1    
32           1111111111111111111111111111111111111111110011111110001111010010        1    
33           1111111111111111111111111111111111111111110011110111001111010010        1    
34           1111111111111111111111111111111111111111111011110111001111010010        1    
35           1111111111111111111111111111111111111111111011110111101100010010        1    
36           1111111111111111111111111111111111111111111011110110101100010010        4    
37           1111111111111111111111111111111111111111111011110110101100010010        4    
38           1111111111111111111111111111111111111111111011110111001101010010        4    
39           1111111111111111111111111111111111111111111011110111001101010010        4    
40           1111111111111111111111111111111111111111111111110111001101010010        0    
41           1111111111111111111111111111111111111111111111110111101110010010        0    
42           1111111111111111111111111111111111111111111111110111101110010010        0    
43           1111111111111111111111111111111111111111111111110111101110010010        4    
44           1111111111111111111111111111111111111111111111111101001111010010        4    
45           1111111111111111111111111111111111111111111111111101001111010010        4    
46           1111111111111111111111111111111111111111111111111101001111010010        4    
47           1111111111111111111111111111111111111111111111111101111000010010        4    
48           1111111111111111111111111111111111111111111111111101110110010010        4    
49           1111111111111111111111111111111111111111111111111101110110010010        4    
50           1111111111111111111111111111111111111111111111111101110111010010        4    
51           1111111111111111111111111111111111111111111111111101110101010010        4    
52           1111111111111111111111111111111111111111111111111101110101010010        4    
53           1111111111111111111111111111111111111111111111111101110110010010        4    
54           1111111111111111111111111111111111111111111111111101110010010010        4    
55           1111111111111111111111111111111111111111111111111101110010010010        4    
56           1111111111111111111111111111111111111111111111111101010011010010        4    
57           1111111111111111111111111111111111111111111111111101010011010010        4    
58           1111111111111111111111111111111111111111111111110111110110010010        4    
59           1111111110011010111110110010010         0    
60           1111111111111111111111111111111110111111110011010111010111010010        0    
61           1111111111111111111111111111111110111111110011010111010111010010        0    
62           1111111111111111111111111111111110111111111011010111010111010010        0    
63           1111111111111111111111111111111110111111111010110111010111010010        0    
64           1111111111111111111111111111111110111111110010110111010111010010        1    
65           1111111111111111111111111111111111111111110010110111110111011110        0    
66           1111111111111111111111111111111111111111111010110110110111011110        0    
67           1111111111111111111111111111111111111111111010110110010111011110        0    
68           1111111111111111111111111111111111111111110010110111010111011110        0    
69           1111111111111111111111111111111111111111110010110101110110011110        3    
70           1111111111111111111111111111111110111110110010110101110110011110        0    
71           1111111111111111111111111111111110111110111010110101110110011110        0    
72           1111111111111111111111111111111110111110111010110101010111011110        0    
73           1111111111111111111111111111111110111110111010110111010111011110        0    
74           1111111111111111111111111111111110111110111010110111010111011110        0    
75           1111111111111111111111111111111110111110111010110110111010011110        0    
76           1111111111111111111111111111111110111110111010110111111010011110        1    
77           1111111111111111111111111111111111111111111010110111111010011110        0    
78           1111111111111111111111111111111111111111111010110111111010011110        0    
79           1111111111111111111111111111111111111111111011010111111011011110        0    
80           1111111111111111111111111111111111111111111011010110111011011110        0    
81           1111111111111111111111111111111111111111110011010110111011011110        0    
82           1111111111111111111111111111111111111111110011010110111010011110        0    
83           1111111111111111111111111111111111111111110011010101111010011110        0    
84           1111111111111111111111111111111111111111111011010101111010011110        0    
85           1111111111111111111111111111111111111111111011110101111011011110        0    
86           1111111111111111111111111111111111111111110011110101111011011110        0    
87           1111111111111111111111111111111111111111110011110101011011011010        0    
88           1111111111111111111111111111111110110111110011110101011011011010        0    
89           1111111111111111111111111111111111101111110011110111111011011010        0    
90           1111111111111111111111111111111111101111110011110111111111011010        0    
91           1111111111111111111111111111111111101111101011110111111111011010        0    
92           1111111111111111111111111111111111111111101011110111011111010110        0    
93           1111111111111111111111111111111111111111101011110111011111010110        4    
94           1111111111111111111111111111111111111111111111110111011111010110        0    
95           1111111111111111111111111111111111111111111111110111111110010110        0    
96           1111111111111111111111111111111111111111111111110111111110010110        0    
97           1111111111111111111111111111111111111111111111110111111110010110        3    
98           1111111111111111111111111111111111111111111111110111011101010110        3    
99           1111111111111111111111111111111111111111111111110111011011010110        3    
100          1111111111111111111111111111111111101111010011110111011011010110        0    
101          1111111111111111111111111111111111101101110011110101111010010110        0    
102          1111111111111111111111111111111111101101110011110111111010010110        0    
103          1111111111111111111111111111111111101101111011110111111010010110        0    
104          1111111111111111111111111111111111101101011011110111011010010110        1    
105          1111111111111111111111111111111111101101011011110111011010010110        1    
