time         game_state
1            1111111111111111111111111111111111111111111111111110011111011110        0    
2            1111111111111111111111111111111111111111111111111110111111011110        0    
3            1111111111111111111111111111111111111111111111111110111111011110        0    
4            1111111111111111111111111111111111111111111111111111011111110010        0    
5            1111111111111111111111111111111111111111111111111111111111110010        0    
6            1111111111111111111111111111111111111111111111111111111111110010        0    
7            1111111111111111111111111111111111111111111111111000011110110010        0    
8            1111111111111111111111111111111111111111111111111000011110110010        0    
9            1111111111111111111111111111111111111111111111111000111111110010        0    
10           1111111111111111111111111111111111111111111111111000111101110010        0    
11           1111111111111111111111111111111111111111111111111000111101110010        0    
12           1111111111111111111111111111111111111111111111111000111111110010        0    
13           1111111111111111111111111111111111111111111111111000111111011110        0    
14           1111111111111111111111111111111111111111111111111000111101011110        0    
15           1111111111111111111111111111111111111111111111111000011100011110        0    
16           1111111111111111111111111111111111111111111111111000001110011110        0    
17           1111111111111111111111111111111111111111111111111111101111011110        1    
18           1111111111111111111111111111111111111111111111111111101111011110        1    
19           1111111111111111111111111111111111111111110011011111101111011110        0    
20           1111111111111111111111111111111111111111110011011111001111011010        0    
21           1111111111111111111111111111111111111111110011010111001111011010        0    
22           1111111111111111111111111111111111111111110011010111001111011010        1    
23           1111111111111111111111111111111111111111111011010110101111011010        1    
24           1111111111111111111111111111111111111111111011010110101111011010        4    
25           1111111111111111111111111111111111111111110011010111001111010110        4    
26           1111111111111111111111111111111111111111111111110111001111010110        0    
27           1111111111111111111111111111111111111111111111110111001111010110        0    
28           1111111111111111111111111111111111111111111111110111001011010110        0    
29           1111111111111111111111111111111111111111111111110111001011010110        4    
30           1111111111111111111111111111111111111111111111110111001011010010        4    
31           1111111111111111111111111111111111111111111111110111001011010010        4    
32           1111111111111111111111111111111111111111111111110111101110010010        4    
33           1111111111111111111111111111111111111111111111110111101110010010        4    
34           1111111111111111111111111111111111111111111111110111001101010010        4    
35           1111111111111111111111111111111111111111111111110111001101010010        4    
36           1111111111111111111111111111111111111111111111110111101110010010        4    
37           1111111111111111111111111111111111111111111111110111101110010010        4    
38           1111111111111111111111111111111111111111111111111101001110010010        4    
39           1111111111111111111111111111111111111111111111111101001110010010        4    
40           1111111111111111111111111111111111111111111111111101101110011110        4    
41           1110111111011111101101110011110         0    
42           1110111110011111101101110011110         0    
43           1110111110011111110101110011110         0    
44           1110111110011111110101110011110         0    
45           1110111111011011110101111011110         0    
46           1110111111011011111101111011110         0    
47           1110111111011011111101111011110         0    
48           1110111110011011111010010011110         1    
49           1110111110011011000010010011111         1    
50           1111111111111111111111111111111111111111110011011000010010011111        0    
51           1111111111111111111111111111111111111111110011011111010010011111        0    
52           1111111111111111111111111111111111111111110011011111010010011111        0    
53           1111111111111111111111111111111111111111110011011110010010011111        0    
54           1111111111111111111111111111111111111111110011010111110011011111        2    
55           1111111111111111111111111111111111111111110011010111110011011111        2    
56           1111011100011110111110011011111         0    
57           1111011100011110111110101011111         0    
58           1111111111111111111111111111111110111011100011110111110101011111        0    
59           1111111111111111111111111111111110111011100011110111110111011111        2    
60           1111111111111111111111111111111110111111100011110111010110011111        2    
61           1111111111111111111111111111111110111111100011110111011010011111        2    
62           1111111111111111111111111111111110111111100011110111011010011111        1    
63           1111111111111111111111111111111110111111100011110111011110011111        1    
64           1111111111111111111111111111111111111111110011010111011110011111        0    
65           1111111111111111111111111111111111111111111010110111011111011111        1    
66           1111111111111111111111111111111111111111111010110111001111011111        1    
67           1111111111111111111111111111111111111111111010110111001111011111        1    
68           1111111111111111111111111111111111111111111010110111001111011111        1    
69           1111111111111111111111111111111111111111111010110111001111011111        1    
70           1111111111111111111111111111111111111111111010110111001111110011        1    
71           1111111111111111111111111111111111111111111010110111001111110011        1    
72           1111111111111111111111111111111111111111111010110111001111110011        1    
73           1111111111111111111111111111111111111111110010110111101111110011        1    
74           1111111111111111111111111111111111111111110010110111101110110011        1    
75           1111111111111111111111111111111111111111110010110111101110110011        1    
76           1111111111111111111111111111111111111111110010110111101101110011        1    
77           1111111111111111111111111111111111111111110010111111101101110011        1    
78           1111111111111111111111111111111111111111110010111111101101110011        1    
79           1111111111111111111111111111111111111111111010111111001101110011        1    
80           1111111111111111111111111111111111111111111010111110001101110011        1    
81           1111111111111111111111111111111111111111111010111110001101011111        1    
82           1111111111111111111111111111111111111111111010111101001101011111        1    
83           1111111111111111111111111111111111111111111010111101001101011111        1    
84           1111111111111111111111111111111111111111111010111100001101011111        1    
85           1111111111111111111111111111111111111111110010101100001101011011        1    
86           1111111111111111111111111111111111111111110010101011001101011011        1    
87           1111111111111111111111111111111111111111110010101011001101011011        1    
88           1111111111111111111111111111111111111111110010101011001101011011        1    
89           1111111111111111111111111111111111111111110010101010001101011011        1    
90           1111111111111111111111111111111111111111110010101010001110011011        1    
91           1111111111111111111111111111111111111111110010101001001110011011        1    
92           1111111111111111111111111111111111111111111010011001001111011011        1    
93           1111111111111111111111111111111111111111111010011000001111011011        1    
94           1111111111111111111111111111111111111111111010011000001111011011        1    
95           1111111111111111111111111111111111111111111010011111001111011011        2    
96           1111111111111111111111111111111111111111111010011111001111011111        2    
97           1111111111111111111111111111111111111111111010001110001111011111        2    
98           1111111111111111111111111111111111111111111010001110001111011111        2    
99           1111111111111111111111111111111111111111111010001101001111110011        2    
100          1111111111111111111111111111111110111011001010101101001111110011        2    
101          1111111111111111111111111111111110111011001010101101001111110011        2    
102          1111111111111111111111111111111110110111001010101101101111110011        3    
103          1111111111111111111111111111111110110111001010101101111110110011        3    
104          1111111111111111111111111111111110110110101010101101111101110011        3    
105          1111111111111111111111111111111110110110101010101101111111110011        3    
106          1111111111111111111111111111111110110110111010001101111111110011        0    
107          1111111111111111111111111111111110110110111010001101111111110011        3    
108          1111111111111111111111111111111110110110111010001110111111110011        3    
109          1111111111111111111111111111111110110110110010001111011111110011        3    
110          1111111111111111111111111111111110110110110010001111011111011111        3    
111          1111111111111111111111111111111110110110110010001111011111011111        2    
112          1111111111111111111111111111111111110110110010001111011110011111        2    
113          1111111111111111111111111111111111110110110010001001011110011111        2    
114          1111111111111111111111111111111111110110100010101001011110011111        0    
115          1111111111111111111111111111111111110110100010101001011011011111        0    
116          1111111111111111111111111111111111110101111010101001111111011111        0    
117          1111111111111111111111111111111111110101111010101001111111011011        2    
118          1111111111111111111111111111111111110101111010101001111111011011        2    
119          1111111111111111111111111111111111110101111010101001111111011011        4    
120          1111111111111111111111111111111111110101111010101001111111011011        4    
121          1111111111111111111111111111111111110101111010101001111011011011        4    
122          1111111111111111111111111111111111111111111111101001111011011011        0    
123          1111111111111111111111111111111111111111111111101001111011010111        0    
124          1111111111111111111111111111111111111111111111101010011011010111        0    
125          1111111111111111111111111111111111111111111111101010011111010111        0    
126          1111111111111111111111111111111111111111111111101010011111010111        4    
127          1111111111111111111111111111111111111111111111101010011111010111        4    
128          1111111111111111111111111111111111111111111111101010011111010011        2    
129          1111111111111111111111111111111111111111111111101010011011010011        2    
130          1111111111111111111111111111111111110001110010101010011011010011        0    
131          1111111111111111111111111111111111101101110001111010011110010011        0    
132          1111111111111111111111111111111111101101110001111010011100010011        0    
133          1111111111111111111111111111111111101101110001111010011101010011        0    
134          1111111111111111111111111111111111101101110001111010011111010011        2    
135          1111111111111111111111111111111111101101110001111010011110010011        2    
136          1111111111111111111111111111111111101101110001111010011110010011        4    
137          1111111111111111111111111111111111111111111111111010011110010011        0    
138          1111111111111111111111111111111111111111111111101010011110010011        0    
139          1111111111111111111111111111111111111111111111101010011110010011        0    
140          1111111111111111111111111111111111111111111111101010011110011111        2    
141          1111111111111111111111111111111111111111111111101010011110011111        2    
142          1111111111111111111111111111111111111111111111101010011110011111        2    
143          1111111111111111111111111111111111101101111001101010011110011111        0    
144          1111111111111111111111111111111111101101111001101010011110011111        0    
145          1111111111111111111111111111111111101111100001111010011110011111        0    
146          1111111111111111111111111111111111101111100001111010011111011111        0    
147          1111111111111111111111111111111111101111100001111010011101011111        2    
148          1111111111111111111111111111111111101111100001111010011100011111        2    
149          1111111111111111111111111111111111101110000001111010011100011111        2    
150          1111111111111111111111111111111111101110000001111010011110011111        3    
151          1111111111111111111111111111111111101110010001011010011011011111        0    
152          1111111111111111111111111111111111101110011001011010111011011111        0    
153          1111111111111111111111111111111111101110011001011011111011011111        0    
154          1111111111111111111111111111111111101110011001011011111010011111        0    
155          1111111111111111111111111111111111101110011001011010111010011111        2    
156          1111111111111111111111111111111111101110111001011010111011011111        2    
157          1111111111111111111111111111111111101110111001011011111011011111        2    
158          1111111111111111111111111111111111101110101001111011111010011111        0    
159          1111111111111111111111111111111111101110110001111011011010011111        2    
160          1111111111111111111111111111111111101110110001111011011100011011        2    
161          1111111111111111111111111111111111101110110001111011011110011011        1    
162          1111111111111111111111111111111111101111010001111011011110011011        1    
163          1111111111111111111111111111111111101111010001111011101000010111        1    
164          1111111111111111111111111111111111111111110001011011101000010111        0    
165          1111111111111111111111111111111111111111111001011011101000010111        0    
166          1111111111111111111111111111111111111111111001011011101000010011        1    
167          1111111111111111111111111111111111111111111001011011101000010011        2    
168          1111111111111111111111111111111111111111111001011011100111010011        2    
169          1111111111111111111111111111111111101111111001111011100111010011        0    
170          1111111111111111111111111111111111101111100001111100100110010011        0    
171          1111111111111111111111111111111111101111100001111100100101010011        2    
172          1111111111111111111111111111111111101110100001111100100101010011        2    
173          1111111111111111111111111111111111101110100001111100100111010111        2    
174          1111111111111111111111111111111111110110100001111100100111010111        1    
175          1111111111111111111111111111111111110110100001111100101101010111        1    
176          1111111111111111111111111111111111111111110001011100101101010111        0    
177          1111111111111111111111111111111111111111110001011100101101010110        0    
178          1111111111111111111111111111111111111111110001011100101101010110        0    
179          1111111111111111111111111111111111111111110001011111101101011010        0    
180          1111111111111111111111111111111111111111110001011111101101011010        1    
181          1111111111111111111111111111111111111111110001011111101101011010        1    
182          1111111111111111111111111111111111111111110001011111101101011110        1    
183          1111111111111111111111111111111111111111111001011111101101011110        1    
184          1111111111111111111111111111111111111111111001011111101110011110        2    
185          1111111111111111111111111111111111111110110001101111101110011110        0    
186          1111111111111111111111111111111111111110110001101111101111011110        0    
187          1111111111111111111111111111111111111110111000111111101111011110        0    
188          1111111111111111111111111111111111111110111000111111101100011110        0    
189          1111111111111111111111111111111111110110111000101111101100011110        2    
190          1111111111111111111111111111111111110110111000101111101111011110        2    
191          1111111111111111111111111111111111110110111000111111101111011110        2    
192          1111111111111111111111111111111110110110111000111111111010011110        2    
193          1111111111111111111111111111111110111110111000111101111010011110        2    
194          1111111111111111111111111111111110111110111000111101111011011110        2    
195          1111111111111111111111111111111110111110111000111101111011011110        2    
196          1111111111111111111111111111111110111111111000111101111100011110        2    
197          1111111111111111111111111111111110110111111000111101111100011110        2    
198          1111111111111111111111111111111110110111111000111101111111011110        2    
199          1111111111111111111111111111111110110111111000111101111111011110        2    
200          1111111111111111111111111111111110110110111000111101111110011110        2    
201          1111111111111111111111111111111110110111100000111111111110011110        2    
202          1111111111111111111111111111111110100111100000111111111110011110        2    
203          1111111111111111111111111111111110100111101000101111111110011110        2    
204          1111111111111111111111111111111110110111101000101111111110010010        2    
205          1111111111111111111111111111111110110111110000111111111110010010        2    
206          1111111111111111111111111111111110100111110000111111111110010010        2    
207          1111111111111111111111111111111110100111111001101111111110010010        2    
208          1111111111111111111111111111111110100111011001101111111101010010        2    
209          1111111111111111111111111111111110100111100001111111111101010010        2    
210          1111111111111111111111111111111111111111110001011111111100010010        0    
211          1111111111111111111111111111111111111111110001101111111100010010        0    
212          1111111111111111111111111111111111111111110001101111111100010010        0    
213          1111111111111111111111111111111111111111110001101111111011010010        0    
214          1111111111111111111111111111111111111111110001111111111011010010        3    
215          1111111111111111111111111111111111111111110001111011111011010011        3    
216          1111111111111111111111111111111110011111110001111011111011010011        0    
217          1111111111111111111111111111111110011111110001111111111011010011        0    
218          1111111111111111111111111111111110111110010001111111111011010011        0    
219          1111111111111111111111111111111110111110010001111111111011010111        0    
220          1111111111111111111111111111111110111110010001111111111011010111        3    
221          1111111111111111111111111111111110111110111010001111111011010111        3    
222          1111111111111111111111111111111110111110111010001111111011010111        3    
223          1111111111111111111111111111111110111110111010001111111011010111        3    
224          1111111111111111111111111111111110111110111010001111111011010111        4    
225          1111111111111111111111111111111110110110111010001111111011010111        4    
226          1110110111010011011111011010111         4    
227          1111111111111111111111111111111111111111111111111011111011010111        0    
228          1111111111111111111111111111111111111111111111111011111111010111        4    
229          1111111111111111111111111111111111111111111111111011111111010111        4    
230          1111111111111111111111111111111111111111111111111011111111011011        4    
231          1111111111111111111111111111111111111111111111111011111111011011        4    
232          1111111111111111111111111111111111111111111111101011111111011011        4    
233          1111111111111111111111111111111111111111111111101011111011011011        4    
234          1111111111111111111111111111111111111111111111101011111011011011        4    
235          1111111111111111111111111111111111111111111111101011111011011011        4    
236          1111111111111111111111111111111111111111111111101011111011011011        1    
237          1111111111111111111111111111111111111111111111101011101111011011        1    
238          1111111111111111111111111111111111111111110010101011101111011011        0    
239          1111111111111111111111111111111111111111110010101011101111011011        0    
240          1111111111111111111111111111111111111111110010101011101111011011        0    
241          1111111111111111111111111111111111111111110010101111101111011011        0    
242          1111111111111111111111111111111111111111110010101111101111011011        0    
243          1111111111111111111111111111111111111111110010111111101111011011        0    
244          1111111111111111111111111111111111111111111010111111101111011011        3    
245          1111111111111111111111111111111111111111111010111111101111011011        3    
246          1111111111010111111101111011011         0    
247          1111111110010111111101111011011         0    
248          1111111110010111111101111011011         0    
249          1111111110010111111101110011011         0    
250          1111111111010111111101110011011         3    
251          1111111111011001111101110011011         3    
252          1111110010011001111101110011011         3    
253          1111110010011001011101110011011         3    
254          1111110011011001011101110011011         3    
255          1111110011011001011101111011011         3    
256          1111110011011001011101111011011         3    
257          1111111111011011011101111011011         3    
258          1111111111011011011101111011011         3    
259          1110111111011011011101111011011         3    
260          1110111111011011011101111011011         3    
261          1110111110011011011101111011011         3    
262          1110111110011011111101110011011         3    
263          1110111010011111110101110011011         3    
264          1110101111011111110101110011011         3    
265          1110101111011111111101110011011         3    
266          1110101111011111111101110011011         3    
267          1110101110011111111101110011011         3    
268          1110101110011111110101110011011         3    
269          1110101110011111111101110011011         3    
270          1110101111011111111101110011011         3    
271          1110101111011111111101110011011         3    
272          1110101111011111111101110011011         3    
273          1110101110011111111101110011011         3    
274          1110101110011110111101110011011         3    
275          1110101110011110111101110011011         3    
276          1110101110011111000101110011011         3    
277          1111101110011111000101110011011         3    
278          1111101110011111001101110011011         3    
279          1111101110011111001101110011011         3    
280          1111101110011111001101110011011         3    
281          1111101110011111010101110011011         3    
282          1111101110011111010101110010111         3    
283          1111101111011111010101110010111         3    
284          1111101111011111011101110010111         3    
285          1111101111011111011101110010111         3    
286          1111101111011011011101110010111         3    
287          1111101110011011011101110010111         3    
288          1111101110011011100101110010111         2    
289          1111101110011011100101110010111         2    
290          1111101111011011100101110010111         2    
291          1111101111011011101101110010111         2    
292          1111101111011111101101110010111         0    
293          1111101111011110111101110010111         0    
294          1111111100011110111111000010111         0    
295          1111111100011110111111000010111         0    
296          1111111101011110111111010010111         0    
297          1111111101011110111111010010111         0    
298          1111011101011110111111100010111         0    
299          1111011101011110111111100010011         0    
300          1111011101011110111111100010011         0    
301          1111011001011110111111100010011         0    
302          1110111001011110111111110010011         0    
303          1110111001011110111111110010011         0    
304          1110111000011110111111000010011         0    
305          1110111000011110111111000010011         0    
306          1110111111011110111111111010011         0    
307          1110111111011110111111111010011         0    
308          1110111111011110111111111010011         4    
309          1111111111111111111111111111111111111111111111110111111111010011        0    
310          1111111111111111111111111111111111111111111111110111111111010011        0    
311          1111111111111111111111111111111111111111111111110111110111010011        0    
312          1111111111111111111111111111111111111111111111110111110111010011        0    
313          1111111111111111111111111111111111111111111111110111110111010011        0    
314          1111111111111111111111111111111111111111111111110111110110010011        0    
315          1111111111111111111111111111111111111111111111110111110110010011        4    
316          1111111111111111111111111111111111111111111111111101110110010011        4    
317          1111111111111111111111111111111111111111111111111101110110010011        4    
318          1111111111111111111111111111111111111111111111111101110110010011        4    
319          1111111111111111111111111111111111111111111111111101110110010011        4    
320          1111111111111111111111111111111111111111111111111101110110010011        4    
321          1111111111111111111111111111111111111111111111111101110110010011        4    
322          1111111111111111111111111111111111111111111111111101110110010011        4    
323          1111111111111111111111111111111111111111111111111101101111010011        4    
324          1111111111111111111111111111111111111111111111111101101111010011        4    
325          1111111111111111111111111111111111111111111111111101101111010011        4    
326          1111111111111111111111111111111111111111111111111101101101010011        4    
327          1111111111111111111111111111111111111111111111111101101101010011        4    
328          1111111111111111111111111111111111111111111111111101101101010011        4    
329          1111111111111111111111111111111111111111111111111101101111010011        4    
330          1111111111111111111111111111111111111111111111111101101111010011        4    
331          1111111111111111111111111111111111111111111111110111101111010011        4    
332          1111111111111111111111111111111111111111111111110111101101010011        4    
333          1111111111111111111111111111111111111111111111110111101101010011        4    
334          1111111111111111111111111111111111111111111111110111101101010011        4    
335          1111111111111111111111111111111111111111111111110111101101010011        4    
336          1111111111111111111111111111111111111111111111110111100111010011        4    
337          1111111111111111111111111111111111111111111111110111100111010011        4    
338          1111111111111111111111111111111111111111111111110111100101010011        4    
339          1111111111111111111111111111111111111111111111110111100101010011        4    
340          1111111111111111111111111111111111111111111111110111100101011111        4    
341          1111111111111111111111111111111111111111111111110111100111011111        3    
342          1111111111111111111111111111111111111111111111110111100111011111        3    
343          1111111111111111111111111111111111111111111111110111100101011111        3    
344          110111010011110111100101011111          0    
345          110111010011110110100101011111          0    
346          110111111011110110100101011111          3    
347          110111111011110110100101011111          3    
348          110111111011110111100101011111          3    
349          1111111111111111111111111111111111110011110011110111100101011111        3    
350          1111111111111111111111111111111111110011110011111111100101011111        2    
351          1111111111111111111111111111111111111111110011111111100101011111        0    
352          1111111111111111111111111111111111111111110011111111100111011111        0    
353          1111111111111111111111111111111111111111111011111111100110011111        0    
354          1111111111111111111111111111111111101111111011111000100100011111        2    
355          1111111111111111111111111111111111101111000011111000100100011111        2    
356          1111111111111111111111111111111111101111000011111000100110011111        2    
357          1111111111111111111111111111111111101011000011111000100110011111        2    
358          1111111111111111111111111111111111101011000011111000101100011111        2    
359          1111111111111111111111111111111111100111000011111000101100011111        2    
360          1111111111111111111111111111111111100111000011111000101011011111        2    
361          1111111111111111111111111111111111100011000011111000101011011111        2    
362          1111111111111111111111111111111111100010100011111000101011011111        2    
363          1111111111111111111111111111111111100010100011111000101111011111        2    
364          1111111111111111111111111111111111100010101011111000101111011111        2    
365          1111111111111111111111111111111111100010101011111000101111011111        1    
366          1111111111111111111111111111111111111111110011011111101111011111        0    
367          1111111111111111111111111111111111111111110011011111101110011111        0    
368          1111111111111111111111111111111111111111110011010111101110011111        0    
369          1111111111111111111111111111111111111111111011010111101110011111        0    
370          1111111111111111111111111111111111111111111011010111101110011111        0    
371          1111111111111111111111111111111111111111111011010111101110011111        3    
372          1111111111111111111111111111111111100010110011010111101110011111        0    
373          1111111111111111111111111111111111100010110010110111101110011111        0    
374          1111111111111111111111111111111111100010110010110111101110011110        0    
375          1111111111111111111111111111111111111110110010110111101111011110        0    
376          1111111111111111111111111111111111111111110010110111101111011110        0    
377          1111111111111111111111111111111111111111110010111111101111011110        0    
378          1111111111111111111111111111111111111011110010111111101111011110        3    
379          1111111111111111111111111111111111111011110010111000101111011110        3    
380          1111111111111111111111111111111111111011110010111001101111011110        3    
381          1111111111111111111111111111111111110111110010111001101111010010        3    
382          1111111111111111111111111111111111110110110010111001101111010010        3    
383          1111111111111111111111111111111111110110110010111010101111010010        3    
384          1111111111111111111111111111111111110110111010111010101111010010        3    
385          1111111111111111111111111111111111110110011010111011101111010010        3    
386          1111111111111111111111111111111111110110011010111011101111010010        2    
387          1111111111111111111111111111111111110110010010111011101111010110        0    
388          1111111111111111111111111111111111111110110010111011101111010110        0    
389          1111111111111111111111111111111111111110110010111011110001010110        0    
390          1111111111111111111111111111111111111110101010111011110001010110        0    
391          1111111111111111111111111111111111111110001010111011110001010110        0    
392          1111111111111111111111111111111111111110001010111011110011010110        2    
393          1111111111111111111111111111111111111110000010111011110011011010        2    
394          1111111111111111111111111111111111111111100011111011110011011010        2    
395          1111111111111111111111111111111111111111100011111011110101011010        2    
396          1111111111111111111111111111111111111101111011111011110101011010        2    
397          1111111111111111111111111111111111111101111011111011110101011010        2    
398          1111111111111111111111111111111111111101111011111011110111011010        2    
399          1111111111111111111111111111111111111101110011111011110111011010        2    
400          1111111111111111111111111111111111111101110011111011110110011010        2    
401          1111111111111111111111111111111111111101110011111011110110011010        3    
402          1111111111111111111111111111111111111101110011111011111010011010        3    
403          1111111111111111111111111111111111111101111011111011111010011010        0    
404          1111111111111111111111111111111111111101111011111011111011011010        0    
405          1111111111111111111111111111111111111101111011111011111011011010        0    
406          1111111111111111111111111111111111111101111011111110111011011010        0    
407          1111111111111111111111111111111111111101111011111110111011011010        0    
408          1111111111111111111111111111111111111101111011111111111100011010        0    
409          1111111111111111111111111111111111111011111011111111111100011010        0    
410          1111111111111111111111111111111111111011111011111111111100011010        0    
411          1111111111111111111111111111111111101111111011111111111100011010        3    
412          1111111111111111111111111111111111101111111011111111111101011010        4    
413          1111111111111111111111111111111111111111111011111111111101011010        4    
414          1111111111111111111111111111111111111111111011111111111101011010        4    
415          1111111111111111111111111111111111111111111111111111111101011010        0    
416          1111111111111111111111111111111111111111111111111111111101011110        0    
417          1111111111111111111111111111111111111111111111111111111101011110        0    
418          1111111111111111111111111111111111111111111111111111110111011110        0    
419          1111111111111111111111111111111111111111111111111111110111011110        0    
420          1111111111111111111111111111111111111111111111111111110111011110        4    
421          1111111111111111111111111111111111111111111111111111110101011110        4    
422          1111111111111111111111111111111111111111111111111111110101110010        2    
423          1111111111111111111111111111111111111111111111111111110101110010        2    
424          1111111111111111111111111111111111111111111111111111110111110010        2    
425          101111100100111111110111110010          0    
426          101111111100111111110111110010          0    
427          111111111100111111110111110010          0    
428          111111111100111111110101110010          0    
429          111111111100111111110101110110          0    
430          1001111110100111111110101110110         0    
431          1001111110100111111110111110110         2    
432          1001111101100111111110111110110         2    
433          1011111101101111111110111110110         2    
434          1011111101101111111111101110110         2    
435          1111111111111111111111111111111111111111111111111111111101111010        0    
436          1111111111111111111111111111111111111111111111111111111101111010        0    
437          1111111111111111111111111111111111111111111111111111110111111010        0    
438          1111111111111111111111111111111111111111111111111111110111111010        0    
439          1111111111111111111111111111111111111111111111111110110111111010        0    
440          1111111111111111111111111111111111111111111111111110110111111010        0    
441          1111111111111111111111111111111111111111111111111110110101111010        0    
442          1111111111111111111111111111111111111111111111111110110101111010        0    
443          1111111111111111111111111111111111111111111111111110110101111110        4    
444          1111111111111111111111111111111111111111111111111110110101111110        4    
445          1111111111111111111111111111111111111111111111111110110111111110        4    
446          1111111111111111111111111111111111111111111111111110110111111110        4    
447          1111111111111111111111111111111111111111111111111111110111111110        4    
448          1111111111111111111111111111111111111111111111111111110111111110        4    
449          1111111111111111111111111111111111111111111111111111110101111110        4    
450          1111111111111111111111111111111111111111111111111111110101111110        4    
451          1111111111111111111111111111111111111111111111111111110110111110        4    
452          1111111111111111111111111111111111111111111111111111101110111110        4    
453          1111111111111111111111111111111111111111111111111111101110111110        4    
454          1111111111111111111111111111111111111111111111111110101111111110        4    
455          1111111111111111111111111111111111111111111111111110101111111110        4    
456          1111111111111111111111111111111111111111111111111110101111111110        4    
457          1111111111111111111111111111111111111111111111111110101100111110        4    
458          1111111111111111111111111111111111111111111111111110101010111110        4    
459          1111111111111111111111111111111111111111111111111110101010111110        4    
460          1111111111111111111111111111111111111111111111111110101011111110        4    
461          1111111111111111111111111111111111111111111111111110101001111110        4    
462          1111111111111111111111111111111111111111111111111110101001111110        4    
463          1111111111111111111111111111111111111111111111111110101010111110        4    
464          1111111111111111111111111111111111111111111111111110101110111110        4    
465          1111111111111111111111111111111111111111111111111110101110111110        4    
466          1111111111111111111111111111111111111111111111111111101111111110        4    
467          1111111111111111111111111111111111111111111111111111101111111110        4    
468          1111111111111111111111111111111111111111111111111111101111111110        1    
469          1111111111111111111111111111111111111111111111111111101111111110        1    
470          1111111111111111111111111111111111111111111111111111101110111110        1    
471          1111111111111111111111111111111111111111111111111111101110111110        1    
472          1111111111111111111111111111111111111111111111111111101110111110        1    
473          1111111111111111111111111111111111111111111111111111101101111110        3    
474          1111111111111111111111111111111111111111111111111111101101111110        3    
475          1111111111111111111111111111111111111111111111111111101101111110        3    
476          1111111111111111111111111111111111111111111111111111011110111110        3    
477          1111111111111111111111111111111111111111111111111111011110111110        3    
478          1111111111111111111111111111111111111111111111111111011110111110        3    
479          1111111111111111111111111111111111111111111111111111011110110010        3    
480          1111111111111111111111111111111111111111111111111111011110110010        3    
481          1111111111111111111111111111111111111111111111111110111110110010        4    
482          1111111111111111111111111111111111111111111111111110111110110010        4    
483          1111111111111111111111111111111111111111111111111110111110110010        4    
484          1111111111111111111111111111111111111111111111111110011110110010        4    
485          1111111111111111111111111111111111111111111111111110011110110110        4    
486          1111111111111111111111111111111111111111111111111110011110110110        4    
487          1111111111111111111111111111111111111111111111111111111110110110        4    
488          1111111111111111111111111111111111111111111111111111111110110110        4    
489          1111111111111111111111111111111111111111111111111111111110110110        4    
490          1111111111111111111111111111111111111111111111111111111110110110        4    
491          1111111111111111111111111111111111111111111111111111111110111010        4    
492          1111111111111111111111111111111111111111111111111111111110111010        4    
493          1111111111111111111111111111111111111111111111111111111110111010        4    
494          1111111111111111111111111111111111111111111111111111111110111010        4    
495          1111111111111111111111111111111111111111111111111111111110111010        4    
496          1111111111111111111111111111111111111111111111111111111110111010        4    
497          1111111111111111111111111111111111111111111111111111111110010010        4    
498          1111111111111111111111111111111111111111111111111111111110010010        4    
499          1111111111111111111111111111111111111111111111111111011110010010        4    
500          1111111111111111111111111111111111111111111111111111001110010010        4    
501          1111111111111111111111111111111111111111111111111111001110010010        4    
502          1111111111111111111111111111111111111111111111111111001110010010        4    
503          1111111111111111111111111111111111111111111111111110101110010010        4    
504          1111111111111111111111111111111111111111111111111110101110010110        4    
505          1111111111111111111111111111111111111111111111111110101110010110        4    
506          1111111111111111111111111111111111111111111111111110001110010110        4    
507          1111111111111111111111111111111111111111111111111110001110010110        4    
508          1111111111111111111111111111111111111111111111111111101110011010        4    
509          1111111111111111111111111111111111111111111111111111101110011010        4    
510          1111111111111111111111111111111111111111111111111111001110011010        4    
511          1111111111111111111111111111111111111111111111111111001110011010        4    
512          1111111111111111111111111111111111111111111111111110101110011110        4    
513          1111111111111111111111111111111111111111111111111110101110011110        4    
514          1111111111111111111111111111111111111111111111111110001111011110        1    
515          1111111111111111111111111111111111111111110110011110001111011110        0    
516          1111111111111111111111111111111111111111110110011111110010011110        0    
517          1111111111111111111111111111111111111111111110011111110010011110        0    
518          1111111111111111111111111111111111111111111110011111010011011110        2    
519          1111111111111111111111111111111111111111111110011111010011011110        2    
520          1111111111111111111111111111111111111111110110011111010011011110        2    
521          1111111111111111111111111111111111111111110110011111110010011110        2    
522          1111111111111111111111111111111111111000010110111111110010011110        0    
523          1111111111111111111111111111111111111000001110111111110010011110        1    
524          1111111111111111111111111111111111111000001110111111010111011110        1    
525          1111111111111111111111111111111111111000000110111111010111011110        1    
526          1111111111111111111111111111111111111000000110111111110100011110        1    
527          1111111111111111111111111111111111111000000110111111110110011110        1    
528          1111111111111111111111111111111111111111111110011111110110011110        0    
529          1111111111111111111111111111111111111111111110011111010111011110        1    
530          1111111111111111111111111111111111111111111110011111010111011110        1    
531          1111111111111111111111111111111111111111110110011111010111011110        1    
532          1111111111111111111111111111111111111111110110011110110111011010        1    
533          1111111111111111111111111111111111111111110110011101110111011010        1    
534          1111111111111111111111111111111111111111111110011101110111011010        1    
535          1111111111111111111111111111111111111111111110011101110111011010        1    
536          1111111111111111111111111111111111111111111110011100110111011010        4    
537          1111111111111111111111111111111111111111111111111100110111011010        0    
538          1111111111111111111111111111111111111111111111111100110111010110        3    
539          1111111111111111111111111111111111111111111111111100110101010110        3    
540          1111111111111111111111111111111111111111111111111100110101010110        3    
541          1111111111111111111111111111111111111111111111111100110101010110        3    
542          1111111111111111111111111111111111111111111111111100110111010110        3    
543          1111111111111111111111111111111111111111111111111100110111010110        2    
544          1111111111111111111111111111111111111111100110111100110111010110        0    
545          1111111111111111111111111111111111111111100110111101010111010010        0    
546          1111111111111111111111111111111111111111000110111101010111010010        0    
547          1111111111111111111111111111111111111111111110111101010101010010        0    
548          1111111111111111111111111111111111111111111110111101110110010010        0    
549          1111111111111111111111111111111111111110111110111101110110010010        0    
550          1111111111111111111111111111111111111110111110111101110110010010        3    
551          1111111111111111111111111111111111111110111110111101110110010010        0    
552          1111111111111111111111111111111111111110111110111110010111010010        0    
553          1111111111111111111111111111111111111110111110111110010111010010        0    
554          1111111111111111111111111111111111100110111110111111010111010010        0    
555          1111111111111111111111111111111111100110111110111111111110010010        0    
556          1111111111111111111111111111111111100011111110111111111110010010        0    
557          1111111111111111111111111111111111100111111110111110111110010010        0    
558          1111111111111111111111111111111111100111111111011110111110010110        2    
559          1111111111111111111111111111111111100111111111011110111110010110        2    
560          1111111111111111111111111111111111101011111111011111111110010110        2    
561          1111111111111111111111111111111111101011111111111111111110010110        0    
562          1111111111111111111111111111111111101011111111111111111110010110        0    
563          1111111111111111111111111111111111101010111111111111111110010110        0    
564          1111111111111111111111111111111111101110111111111111111000010110        0    
565          1111111111111111111111111111111111101110111111111111111001010110        2    
566          1111111111111111111111111111111111101110111111111111111001010110        2    
567          1111111111111111111111111111111111110010111111111111111011010110        1    
568          1111111111111111111111111111111111110010111111111111011010010110        1    
569          1111111111111111111111111111111111110011111111111111011010010110        1    
570          1111111111111111111111111111111111110111111111111111011110010110        1    
571          1111111111111111111111111111111111111111111111111111011110010110        0    
572          1111111111111111111111111111111111111111111111111111111111010110        0    
573          1111111111111111111111111111111111111111111111111111111111010110        0    
574          1111111111111111111111111111111111111111110111111111111111010110        0    
575          1111111111111111111111111111111111111111110111111111011111011010        1    
576          1111111111111111111111111111111111111111110111111111011111011010        1    
577          1111111111111111111111111111111111111111111111111101011111011010        1    
578          1111111111111111111111111111111111111111111111111101111111011010        1    
579          1111111111111111111111111111111111111111111111111101111111011010        1    
580          1111111111111111111111111111111111111111110111111100111111011010        1    
581          1111111111111111111111111111111111111111110111111100011111011110        1    
582          1111111111111111111111111111111111111111110111111100011111011110        1    
583          1111111111111111111111111111111111111111111111110111011111011110        1    
584          1111111111111111111111111111111111111111111111110111111110011110        1    
585          1111111111111111111111111111111111111111111111110111111110011110        1    
586          1111111111111111111111111111111111111111110111110111111110011110        1    
587          1111111111111111111111111111111111111111110111110111011101011110        1    
588          1111111111111111111111111111111111111111110111110111011101011110        1    
589          1111111111111111111111111111111111111111111111110111011101011110        1    
590          1111111111111111111111111111111111111111111111110111111100011110        1    
591          1111111111111111111111111111111111111111111111110111111100011110        1    
592          1111111111111111111111111111111111111111110111110110111100011110        1    
593          1111111111111111111111111111111111111111110111110110011111011110        1    
594          1111111111111111111111111111111111111111110111110110011111011110        1    
595          1111111111111111111111111111111111111111110111110011011111011110        1    
596          1111111111111111111111111111111111111111110111110011111110011110        1    
597          1111111111111111111111111111111111111111110111110011111110011110        1    
598          1111111111111111111111111111111111111111110111110011111110011110        1    
599          1111111111111111111111111111111111111111110111110011111101011110        1    
600          1111111111111111111111111111111111111111110111110011011101011110        1    
601          1111111111111111111111111111111111111111110111110001011101011110        1    
602          1111111111111111111111111111111111111111110111110001011100011110        1    
603          1111111111111111111111111111111111111111110111110001111100011110        1    
604          1111111111111111111111111111111111111111111111110000111100011110        1    
605          1111111111111111111111111111111111111111111111110000111111011110        4    
606          1111111111111111111111111111111111111111111111010000111111011110        4    
607          1111111111111111111111111111111111111111110111011111111111011110        4    
608          1111111111111111111111111111111111111111110111011111111110011110        4    
609          1111111111111111111111111111111111111111110111001111111110011110        4    
610          1111111111111111111111111111111111111111111111001110111110011110        4    
611          1111111111111111111111111111111111111111111111101110111110011110        0    
612          1111111111111111111111111111111111111111111111101110111101011110        0    
613          1111111111111111111111111111111111111111111111111110111101011110        4    
614          1111111111111111111111111111111111111111111111111110111011011110        4    
615          1111111111111111111111111111111111111111111111111110111010011110        4    
616          1111111111111111111111111111111111111111111111111111011010011110        4    
617          1111111111111111111111111111111111111111111111111111011000011110        4    
618          1111111111111111111111111111111111111111111111111111001111011110        4    
619          1111111111111111111111111111111111111111111111111111101111011110        4    
620          1111111111111111111111111111111111111111111111111111101111011110        4    
621          1111111111111111111111111111111111111111111111111111101110011110        4    
622          1111111111111111111111111111111111111111111111101111101110011110        4    
623          1111111111111111111111111111111111111111111111101111101110011110        4    
624          1111111111111111111111111111111111111111111111101111101101011110        4    
625          1111111111111111111111111111111111111111111111111111101101011110        4    
626          1111111111111111111111111111111111111111111111111111101111011110        4    
627          1111111111111111111111111111111111111111111111111111101110011110        4    
628          1111111111111111111111111111111111111111111111101111101110011110        4    
629          1111111111111111111111111111111111111111111111101111101100011110        4    
630          1111111111111111111111111111111111111111111111101111101011011110        4    
631          1111111111111111111111111111111111111111111111101111001011011110        4    
632          1111111111111111111111111111111111111111111111101111111011011110        4    
633          1111111111111111111111111111111111111111111111101111111010011110        4    
634          1111111111111111111111111111111111111111111111101111111010011110        4    
635          1111111111111111111111111111111111111111111111101110111010011110        4    
636          1111111111111111111111111111111111111111111111101110111001011110        4    
637          1111111111111111111111111111111111111111111111101110111001011110        4    
638          1111111111111111111111111111111111111111111111111110111111011110        4    
639          1111111111111111111111111111111111111111111111111110111110011110        4    
640          1111111111111111111111111111111111111111111111111110111110011110        4    
641          1111111111111111111111111111111111111111111111101110111100011110        4    
642          1111111111111111111111111111111111111111111111101110111100011010        3    
643          1111111111111111111111111111111111111111111111101110111100011010        3    
644          1111111111111111111111111111111111111111111111111110111010011010        3    
645          1111111111111111111111111111111111111111111111111110111010011010        3    
646          1111111111111111111111111111111111111111111111111110111010011010        3    
647          1111111111111111111111111111111111111111111111111111111000011010        3    
648          1111111111111111111111111111111111111111111111111111111000010110        3    
649          1111111111111111111111111111111111111111111111111111111000010110        3    
650          1111111111111111111111111111111111111111111111111111101110010110        3    
651          1101101110101011111101110010110         0    
652          1101101110101011111101110010110         0    
653          1101101110101011111101110010110         0    
654          1101101111101011111101110010110         0    
655          1101101111101011111101110010110         0    
656          1101101111101011111101110010010         0    
657          1101101111101011111101110010010         0    
658          1101101110101010010101110010010         3    
659          1101101110101010010101110010010         3    
660          1101101110101010010101111010010         3    
661          1101111110101010010101111010010         3    
662          1101111111101010011101111010010         3    
663          1101111111101010011101111010010         3    
664          1101111111101010011101110010010         3    
665          1101111111101010011101110010010         3    
666          1101111111101010011101110010010         3    
667          1101110110101010011101110010010         3    
668          1101110110101010011101111010010         3    
669          1101111010101010011101111010010         3    
670          1101111011101010011101111010010         3    
671          1101111011100110011101111010010         2    
672          1101111011100110011101111010110         2    
673          1101111111100110011101111010110         2    
674          1101111110100110111101111010110         2    
675          1101111110100110111101111010110         2    
676          1101010010100110111101111010110         2    
677          1101010011100110111101111010110         2    
678          1101010011100110111101111010110         0    
679          1101010011100110111101111011010         0    
680          1101010111100110111101111011010         2    
681          1101010111100110111110101011010         2    
682          1101010100100110111110101011010         2    
683          1101010100100110111110101011010         2    
684          1101011100100110111110101011010         2    
685          1101111100100110111110111011010         2    
686          1101111100011110111110111011110         2    
687          1101111100011110111110111011110         2    
688          1111011100011110111110101011110         2    
689          1111011100011110111110110011110         2    
690          1111010100011110111110110011110         2    
691          1111110100011110111110110011110         2    
692          1111110100011110111110110011110         2    
693          1111110100011110111110111011110         2    
694          1111110101011110111111111011110         2    
695          1111110101011110101111111011110         2    
696          1111110101011110101111000011110         2    
697          1011110110011110101111000011110         2    
698          1011110110011110101111000011110         2    
699          1011110110011110101111001011110         3    
700          1011110111011110101111001011110         0    
701          1011110111011110101111001011110         0    
702          1011110111011110110111010011110         0    
703          1011111110011110110111010011110         0    
704          1011111110100010110111010011110         0    
705          1011111110100010111111011011110         4    
706          1011111011100010111111011011110         4    
707          1011111011100010111111011011110         4    
708          1011111011100011100111011011111         4    
709          1111111111111111111111111111111111111111111111111100111011011111        0    
710          1111111111111111111111111111111111111111111111111100111100011111        0    
711          1111111111111111111111111111111111111111111111111100111110011111        0    
712          1111111111111111111111111111111111111111111111111100111110011111        4    
713          1111111111111111111111111111111111111111111111111100111100011111        3    
714          1011111110100011100111100011111         0    
715          1011111110100111100111100011111         0    
716          1011111110100111101111100011111         0    
717          1011111110100111101111101011111         0    
718          1011111110100111110111101011111         0    
719          1011111111100111110111101011111         0    
720          1011111111100111111111101011111         4    
721          1111111111111111111111111111111111111111111111111111111101011111        0    
722          1111111111111111111111111111111111111111111111111111111101011111        0    
723          1111111111111111111111111111111111111111111111111111111111011111        0    
724          1111111111111111111111111111111111111111111111111111111110011111        1    
725          1111111111111111111111111111111111111111111111111111111110011111        1    
726          1111111111111111111111111111111111111111111111111111111110011111        1    
727          1111111111111111111111111111111111111111111111111111111110011111        1    
728          1111111111111111111111111111111111111111111111111111101110011111        1    
729          1111111111111111111111111111111111111111110100111111101110011111        0    
730          1111111111111111111111111111111111111111110100111111101110011111        1    
731          1111111111111111111111111111111111111111110100111111101110011111        1    
732          1111111111111111111111111111111111111111110100111111101111011111        1    
733          1111111111111111111111111111111111111111110100111101101111011111        4    
734          1111111111111111111111111111111111111111110100111101101111011111        4    
735          1111111111111111111111111111111111111111110100111101101111011111        4    
736          1111111111111111111111111111111111111111111111111101101111011111        0    
737          1111111111111111111111111111111111111111111111111110101111011111        0    
738          1111111111111111111111111111111111111111111111111110101111011111        3    
739          1111111111111111111111111111111111111111111111111110111100011111        3    
740          1111111111111111111111111111111111111111111111111110111100011111        3    
741          1111111111111111111111111111111111111111111111111110111010011111        3    
742          1111111111111111111111111111111111111111111111111110111010011111        3    
743          1111111111111111111111111111111111111111111111111110111000011111        3    
744          1011111110100111110111000011111         0    
745          1011111110100111111111001011111         0    
746          1111011110100111111111001011111         3    
747          1111011110100111110111001011111         3    
748          1101011110100111110111001011111         4    
749          1101011110100111111111001011111         4    
750          1111111111111111111111111111111111111111111111111111111001011111        0    
751          1111111111111111111111111111111111111111111111111111111001011111        0    
752          1111111111111111111111111111111111111111111111111111110111011111        0    
753          1111111111111111111111111111111111111111111111111111110110011111        4    
754          1111111111111111111111111111111111111111111111111111110110011111        4    
755          1111111111111111111111111111111111111111111111111111110010011111        3    
756          1111111111111111111111111111111111111111111111111111110010011111        3    
757          1111111111111111111111111111111111111111111111111111110010011111        3    
758          1111111111111111111111111111111111111011111100111111110010011111        0    
759          1111111111111111111111111111111111111011111100111111110010011111        0    
760          1111111111111111111111111111111111111011111100111111110011011111        3    
761          1111111111111111111111111111111111111011110100111111110011011111        3    
762          1111111111111111111111111111111111111011110100111111110011011111        3    
763          1111111111111111111111111111111111101011110100111111110011011111        4    
764          1111111111111111111111111111111111101011110100111111110011011111        4    
765          1111111111111111111111111111111111111111111111111110110011011111        0    
766          1111111111111111111111111111111111111111111111111110011110011111        0    
767          1111111111111111111111111111111111111111111111111110011110011111        1    
768          1111111111111111111111111111111111111111111111111110011100011111        1    
769          1111111111111111111111111111111111111111111111111110011110011111        1    
770          1111111111111111111111111111111111111111110100111110011110011111        0    
771          1111111111111111111111111111111111111111110100111110111110011111        1    
772          1111111111111111111111111111111111111111110100111101111110011111        1    
773          1111111111111111111111111111111111111111110100111101111111011111        1    
774          1111111111111111111111111111111111111111110100111100111111011111        4    
775          1111111111111111111111111111111111111111110100111100111111011111        4    
776          1111111111111111111111111111111111111111110100111011111111011111        4    
777          1111111111111111111111111111111111111111111111111011111111011111        0    
778          1111111111111111111111111111111111111111111111111011011111011111        0    
779          1111111111111111111111111111111111111111111111111011011101011111        0    
780          1111111111111111111111111111111111111111111111111011011101011011        4    
781          1111111111111111111111111111111111111111111111111011010111011011        4    
782          1111111111111111111111111111111111111111111111111011010111011011        4    
783          1111111111111111111111111111111111111111111111111011010101011011        1    
784          1111111111111111111111111111111111111111111111111011110101011011        1    
785          1111111111111111111111111111111111111111111111111011110111011011        1    
786          1111111111111111111111111111111111111111110100111011110111011011        0    
787          1111111111111111111111111111111111111111111100111011110111011011        0    
788          1111111111111111111111111111111111111111111100111011110111011011        0    
789          1111111111111111111111111111111111111111111100111011110111011011        1    
790          1111111111111111111111111111111111111111111100111011010111011011        2    
791          1111111111111111111111111111111111111111111100111011010111010111        2    
792          1111111111111111111111111111111111111111111100111010010111010111        2    
793          1111111111111111111111111111111111101111111100111010010111010111        0    
794          1111111111111111111111111111111111101111100100111010010111010111        0    
795          1111111111111111111111111111111111101111100100111010010101010111        0    
796          1111111111111111111111111111111111101111100100111010010101010111        2    
797          1111111111111111111111111111111111101111100100111010010111010111        1    
798          1111111111111111111111111111111111101111100100111010010111010111        1    
799          1111111111111111111111111111111111101111100100111010011101010111        1    
800          1111111111111111111111111111111111101111100100111010011101010111        1    
801          1111111111111111111111111111111111111111100100111010011111010111        1    
802          1111111111111111111111111111111111111111110100011010011111010111        0    
803          1111111111111111111111111111111111111111110100011111011111010111        1    
804          1111111111111111111111111111111111111111110100011111011111010111        1    
805          1111111111111111111111111111111111111111110100011110011111010111        4    
806          1111111111111111111111111111111111111111110100011110011111010011        4    
807          1111111111111111111111111111111111111111110100011111011111010011        4    
808          1111111111111111111111111111111111111111111111111111011111010011        0    
809          1111111111111111111111111111111111111111111111111111011101010011        0    
810          1111111111111111111111111111111111111111111111111111011101010011        4    
811          1111111111111111111111111111111111111111111111111111010111010011        4    
812          1111111111111111111111111111111111111111111111111111010110010011        4    
813          1111111111111111111111111111111111111111111111111111010110010011        4    
814          1111111111111111111111111111111111111111111111111111010110010011        4    
815          1111111111111111111111111111111111111111111111111111010110010011        4    
816          1111111111111111111111111111111111111111111111111111010110010011        4    
817          1111111111111111111111111111111111111111111111111111010111010011        4    
818          1111111111111111111111111111111111111111111111111111010111010011        1    
819          1111111111111111111111111111111111111111111111111111011111010011        1    
820          1111111111111111111111111111111111111111111111111111011111010011        1    
821          1111111111111111111111111111111111111111111011111111111111010011        0    
822          1111111111111111111111111111111111111111111011111110111100010011        0    
823          1111111111111111111111111111111111111111111011111011111100010011        1    
824          1111111111111111111111111111111111111111110011111011111100010011        1    
825          1111111111111111111111111111111111111111110011111010111100010011        1    
826          1111111111111111111111111111111111111111110011111011011100010011        1    
827          1111111111111111111111111111111111111111110011111011011100010011        1    
828          1111111111111111111111111111111111111111110011111011011100010111        1    
829          1111111111111111111111111111111111111111110011111011011100010111        1    
830          1111111111111111111111111111111111111111111011111011011100010111        1    
831          1111111111111111111111111111111111111111111011101111011100010111        4    
832          1111111111111111111111111111111111111111111011101111111100010111        4    
833          1111111111111111111111111111111111111111111011101111111100010111        4    
834          1111111111111111111111111111111111111111111111101111111100010111        0    
835          1111111111111111111111111111111111111111111111101111111010010111        2    
836          1111111111111111111111111111111111111111100011101111111010010111        0    
837          1111111111111111111111111111111111111111100011101111111100010111        0    
838          1111111111111111111111111111111111111111000011101111111100010111        0    
839          1111111111111111111111111111111111111111000011111111111100010111        1    
840          1111111111111111111111111111111111111111000011111111111110010111        1    
841          1111111111111111111111111111111111111111000011111111111111010110        1    
842          1111111111111111111111111111111111111110111011111111111111010110        1    
843          1111111111111111111111111111111111111110111011111111111001010110        4    
844          1111111111111111111111111111111111111111111111101111111010010110        0    
845          1111111111111111111111111111111111111111111111101111111010010110        0    
846          1111111111111111111111111111111111111111111111111111111110010110        0    
847          1111111111111111111111111111111111111111111111111111111111010110        0    
848          1111111111111111111111111111111111111111111111101111111111010110        1    
849          1111111111111111111111111111111111111111111010101111111111011010        0    
850          1111111111111111111111111111111111111111111010101111111111011010        0    
851          1111111111111111111111111111111111111111110010101111111111011010        0    
852          1111111111111111111111111111111111111111110010011111111111011010        0    
853          1111111111111111111111111111111111111111110010011111111111011010        0    
854          1111111111111111111111111111111111111111111010011111111111011010        0    
855          1111111111111111111111111111111111111111111010011111111111011010        2    
856          1111111111111111111111111111111111111111111010001111111111011110        2    
857          1111111111111111111111111111111111111111111010001111111111011110        2    
858          1111111111111111111111111111111111111111110010001111111111011110        2    
859          1111111111111111111111111111111111111111110010001011111111011110        2    
860          1111111111111111111111111111111111111111110010001111011110011110        2    
861          1111111111111111111111111111111111111111110010001111011110011110        2    
862          1111111111111111111111111111111111111111111010001111011110011110        2    
863          1111111111111111111111111111111111111111111010001110011110011110        2    
864          1111111111111111111111111111111111111111111010001110111101011110        2    
865          1111111111111111111111111111111111111111111010001110111101011110        2    
866          1111111111111111111111111111111111111111110010001110111101011110        2    
867          1111111111111111111111111111111111111111110010001101111101011110        4    
868          1111111111111111111111111111111111111111110010001101011100011110        4    
869          1111111111111111111111111111111111111111110010001101011100011110        4    
870          1111111111111111111111111111111111111111110010001101011100011110        4    
871          1111111111111111111111111111111111111111111111101101111111011110        0    
872          1111111111111111111111111111111111111111111111101101111111011110        0    
873          1111111111111111111111111111111111111111111111101101111111011110        4    
874          1111111111111111111111111111111111111111111111101110011110011110        4    
875          1111111111111111111111111111111111111111111111101110011110011110        4    
876          1111111111111111111111111111111111111111111111101110011110011110        4    
877          1111111111111111111111111111111111111111111111111110011101011110        4    
878          1111111111111111111111111111111111111111111111111110011101011110        4    
879          1111111111111111111111111111111111111111111111111110010111011110        4    
880          1111111111111111111111111111111111111111111111101110010111011010        4    
881          1111111111111111111111111111111111111111111111101110010111011010        1    
882          1111111111111111111111111111111111111111111111101110010111011010        1    
883          1111111111111111111111111111111111111111111111101110010101011010        1    
884          1111111111111111111111111111111111111111111111111110010101011010        1    
885          1111111111111111111111111111111111111111111111111110010101011010        1    
886          1111111111111111111111111111111111111111111111111110010111011010        1    
887          1111111111111111111111111111111111111111111001011101110111010110        0    
888          1111111111111111111111111111111111111111111001011101110111010110        0    
889          1111111111111111111111111111111111111111110001011101110111010110        1    
890          1111111111111111111111111111111111111111110001011111110111010110        1    
891          1111111111111111111111111111111111111111110001011111010111010110        1    
892          1111111111111111111111111111111111111111110001011111010111010110        1    
893          1111111111111111111111111111111111111111110001011111010111010110        2    
894          1111111111111111111111111111111111111111110001011110110111010010        2    
895          1111111111111111111111111111111111111111110001011110110111010010        2    
896          1111111111111111111111111111111111111111110001011101110111010010        2    
897          1111111111111111111111111111111111100110100001111101110111010010        0    
898          1111111111111111111111111111111111110110100001111101010110010010        0    
899          1111111111111111111111111111111111110110100001111101010110010010        0    
900          1111111111111111111111111111111111110110100001111101010110010010        2    
901          1111111111111111111111111111111111110110100001111111110111010010        2    
902          1111111111111111111111111111111111100110100001111111110111010010        2    
903          1111111111111111111111111111111111100110111001111111110111010010        2    
904          1111111111111111111111111111111111100110111001111111110111010010        2    
905          1111111111111111111111111111111111100110111001111111011110010010        2    
906          1111111111111111111111111111111111100110011001111111011110010010        2    
907          1111111111111111111111111111111111100110010001111111011110010010        2    
908          1111111111111111111111111111111111100110010001111111011000010010        2    
909          1111111111111111111111111111111111100110010001111111111000010110        2    
910          1111111111111111111111111111111111100111110001111111111000010110        1    
911          1111111111111111111111111111111111100111101001111111111000010110        1    
912          1111111111111111111111111111111111100111101001111111111010010110        1    
913          1111111111111111111111111111111111100111101001111111011010010110        1    
914          1111111111111111111111111111111111100111001001111111011010010110        1    
915          1111111111111111111111111111111111100111000001111111011010010110        1    
916          1111111111111111111111111111111111100111000001111111011100010110        1    
917          1111111111111111111111111111111111111111110001011101111101010110        0    
918          1111111111111111111111111111111111111111110001011101111101010110        0    
919          1111111111111111111111111111111111111111110001011101111101010110        0    
920          1111111111111111111111111111111111111111110001011101111101010110        1    
921          1111111111111111111111111111111111111111110001011101011110010110        1    
922          1111111111111111111111111111111111111111110001011101011110010110        1    
923          1111111111111111111111111111111111111111110001011011011110010110        1    
924          1111111111111111111111111111111111111111110001011011111111010110        1    
925          1111111111111111111111111111111111111111110001011011111111010110        1    
926          1111111111111111111111111111111111111111110001011010111111010110        1    
927          1111111111111111111111111111111111111111110001011010011111011010        4    
928          1111111111111111111111111111111111111111111001011010011111011010        4    
929          1111111111111111111111111111111111111111111001011001011111011010        4    
930          1111111111111111111111111111111111111111111111111001011111011010        0    
931          1111111111111111111111111111111111111111111111101001011111011010        0    
932          1111111111111111111111111111111111111111111111101001011111011010        0    
933          1111111111111111111111111111111111111111111111101001011011011010        0    
934          1111111111111111111111111111111111111111111111111001011011011110        4    
935          1111111111111111111111111111111111111111111111111001011011011110        4    
936          1111111111111111111111111111111111111111111111111001011011011110        4    
937          1111111111111111111111111111111111111111111111101001011010011110        4    
938          1111111111111111111111111111111111111111111111101001011010011110        4    
939          1111111111111111111111111111111111111111111111101001011110011110        4    
940          1111111111111111111111111111111111111111111111111001011111011110        4    
941          1111111111111111111111111111111111111111111111111001011101011110        4    
942          1111111111111111111111111111111111111111111111111001111100011110        4    
943          1111111111111111111111111111111111111111111111111001111100011110        3    
944          1111111111111111111111111111111111111111111111111001111010011110        3    
945          1110111110000011001010111011110         0    
946          1110111111000011001010111011110         0    
947          1110111111000011011010111011110         0    
948          1110111111000011011110110011110         0    
949          1110111010000011011110110011110         0    
950          1110111010000011011110110011111         3    
951          1010111010000011011110110011111         3    
952          1010111010000011101110110011111         3    
953          1010111010000011110010111011111         2    
954          1010111010000011111010111011111         2    
955          1010111000000111111010111011111         0    
956          1010111001000111111010111011111         0    
957          1010111001000111111010101011111         0    
958          1010111101000111111010101011111         0    
959          1010111101000111111010111011111         2    
960          1010111101000111111110111011111         2    
961          1010111101000111111111101011111         1    
962          1010111101000111111111111011111         1    
963          1010111010000111111111111011111         1    
964          1010111010000111111111101011111         1    
965          1111111111111111111111111111111111111111110000011111011101010011        1    
966          1111111111111111111111111111111111111111110000011111011101010011        1    
967          1111111111111111111111111111111111111111110000011011011101010011        2    
968          1111111111111111111111111111111111111111111000011011011101010011        2    
969          1111111111111111111111111111111111111111111000011011111101010011        2    
970          1111111111111111111111111111111111111111111000011011111101010011        2    
971          1010111111000111011111101010011         2    
972          1010111100000111011111111010011         2    
973          1010111100000111101011111010111         2    
974          1010111100000111101010101010111         2    
975          1010111100000111101010111010111         2    
976          1111111111111111111111111111111111110111100000111101010111010111        2    
977          1111111111111111111111111111111111111111100000111101010101010111        2    
978          1111111111111111111111111111111111011111100000111101010101010111        2    
979          1111111111111111111111111111111111011111100000111101110101010111        2    
980          1111111111111111111111111111111111011111100000111101110111010111        2    
981          1111111111111111111111111111111111011111100000111101110111010111        2    
982          1111111111111111111111111111111111011111100000111101111101010111        2    
983          1111111111111111111111111111111111011111100000111101111101010111        3    
984          1111111111111111111111111111111111011111100000111101111101010111        3    
985          1111111111111111111111111111111111011111100000111101111111010111        3    
986          1111111111111111111111111111111111011111110000011101111111010111        0    
987          1111111111111111111111111111111111011111110000011101011111011011        0    
988          1111111111111111111111111111111111011111110000011111011111011011        0    
989          1111111111111111111111111111111111111111110000011111011111011011        0    
990          1111111111111111111111111111111111111111110000011111011111011011        4    
991          1111111111111111111111111111111111111111110000011111011111011011        4    
992          1111111111111111111111111111111111111111110000011101011111011011        4    
993          1111111111111111111111111111111111111111110000011101011111011011        4    
994          1111111111111111111111111111111111110111110000011101011111011011        4    
995          1111111111111111111111111111111111110111110000011101111111011011        4    
996          1111111111111111111111111111111111111111111111111101111111011011        4    
997          1111111111111111111111111111111111111111111111111101111101011011        4    
998          1111111111111111111111111111111111111111111111111101111101011011        4    
999          1111111111111111111111111111111111111111111111111101110111011011        4    
1000         1111111111111111111111111111111111111111111111111101110111011011        4    
1001         1111111111111111111111111111111111111111111111111111010110011011        2    
1002         1111111111111111111111111111111111111011111000111111010110011011        0    
1003         1111111111111111111111111111111111111011111000111111010110011011        0    
1004         1111111111111111111111111111111111101011111000111111010110011011        0    
1005         1111111111111111111111111111111111101011111000111111011110011011        0    
1006         1111111111111111111111111111111111111011110000111111011110011011        2    
1007         1111111111111111111111111111111111111011110000101111011111011011        2    
1008         1111111111111111111111111111111111111011110000101111011111011011        2    
1009         1111111111111111111111111111111111111011010000101111011111011011        2    
1010         1111111111111111111111111111111111111011010000101111011111011011        2    
1011         1111111111111111111111111111111111110111110000101111011111011011        2    
1012         1111111111111111111111111111111111110111110000101111011111011011        2    
1013         1111111111111111111111111111111111100111010000101111011111011011        2    
1014         1111111111111111111111111111111111100111010000111111011110011011        2    
1015         1111111111111111111111111111111111100111010000111111111000011011        2    
1016         1111111111111111111111111111111111110111010000111111111000011011        2    
1017         1111111111111111111111111111111111110111010000111111111010011011        2    
1018         1111111111111111111111111111111111110111110000111111111010011011        2    
1019         1111111111111111111111111111111111111111110000111111111100011011        2    
1020         1111111111111111111111111111111111111011010000111111111100011011        2    
1021         1111111111111111111111111111111111111011010001101111111100011111        2    
1022         1111111111111111111111111111111111111011010001101111111110011111        2    
1023         1111111111111111111111111111111111101011010001101111111110011111        2    
1024         1111111111111111111111111111111111101011010001101111111000011111        2    
1025         1111111111111111111111111111111111111011010001101111111000011111        2    
1026         1111111111111111111111111111111111111111010001101111111000011111        2    
1027         1111111111111111111111111111111111111111010001101111111010011111        2    
1028         1111111111111111111111111111111111101111010001111111111010011111        2    
1029         1111111111111111111111111111111111101111010001111111111100011111        2    
1030         1111111111111111111111111111111111101111110001111111111100011111        2    
1031         1111111111111111111111111111111111101111110001111111111110011111        2    
1032         1111111111111111111111111111111111101111010001111111111110011111        2    
1033         1111111111111111111111111111111111101111011001111111111110011111        2    
1034         1111111111111111111111111111111111101111011001111111111000011111        2    
1035         1111111111111111111111111111111111101111111001101111111000110011        2    
1036         1111111111111111111111111111111111101111111001101111111010110011        2    
1037         1111111111111111111111111111111111101111011001101111111010110011        2    
1038         1111111111111111111111111111111111101111011001101111111100110011        2    
1039         1111111100001101111111100110011         2    
1040         1111111100001111111110111110011         1    
1041         1101111100001111111110111110011         1    
1042         1101111100001111111111111110011         1    
1043         1111111111111111111111111111111111111111110001111111111111110011        0    
1044         1111111111111111111111111111111111111111110001111110111111110011        0    
1045         1111111111111111111111111111111111111111110001111110111111110011        1    
1046         1111111111111111111111111111111111111111110010001111111110110011        1    
1047         1111111111111111111111111111111111111111110010001111111110110011        1    
1048         1111111111111111111111111111111111111111110010001110111110110011        1    
1049         1111111111111111111111111111111111111111110010001110111110110011        4    
1050         1111111111111111111111111111111111111111110010001111111110110011        4    
1051         1111111111111111111111111111111111111111111111101111111110110011        0    
1052         1111111111111111111111111111111111111111111111101111111110110011        0    
1053         1111111111111111111111111111111111111111111111101111110110110011        0    
1054         1111111111111111111111111111111111111111111111101111110110110011        0    
1055         1111111111111111111111111111111111111111111111101111110110110011        4    
1056         1111111111111111111111111111111111111111111111101101110101110011        4    
1057         1111111111111111111111111111111111111111111111101101110111110011        4    
1058         1111111111111111111111111111111111111111111111101101110111110011        4    
1059         1111111111111111111111111111111111111111111111101101110101110011        3    
1060         1111111111111111111111111111111111111111111111101101110101110011        3    
1061         1111111111111111111111111111111111111111111111101101111111110011        3    
1062         1111111110010001101111111110011         0    
1063         1111111110010001111111111110011         3    
1064         1111111110010001111111111110011         3    
1065         1111111110010001111111111110011         3    
1066         1111111011010001111111111110011         3    
1067         1111111011010001100111111110111         4    
1068         1111111011010001100111111110111         4    
1069         1111111011010001101111111110111         4    
1070         1111111111111111111111111111111111111111111111101101111111110111        0    
1071         1111111111111111111111111111111111111111111111101101111101110111        4    
1072         1111111111111111111111111111111111111111111111101101111101110111        4    
1073         1111111111111111111111111111111111111111111111101101111101110111        4    
1074         1111111111111111111111111111111111111111111111101101111111110111        4    
1075         1111111111111111111111111111111111111111111111101101111111110111        4    
1076         1111111111111111111111111111111111111111111111101101111101110111        4    
1077         1111111111111111111111111111111111111111111111101101111101110111        4    
1078         1111111111111111111111111111111111111111111111101101110111110111        4    
1079         1111111111111111111111111111111111111111111111101111110111111011        4    
1080         1111111111111111111111111111111111111111111111101111110111111010        4    
1081         1111111111111111111111111111111111111111111111101111110101111010        4    
1082         1111111111111111111111111111111111111111111111111111110101111010        4    
1083         1111111111111111111111111111111111111111111111111111110101111010        4    
1084         1111111111111111111111111111111111111111111111111111110111111010        4    
1085         1111111111111111111111111111111111111111111111101111110111111110        4    
1086         1111111111111111111111111111111111111111111111101111110101111110        2    
1087         1111010111001111111110101111110         0    
1088         1111010111001111111110101111110         4    
1089         1111010110001111111110101111110         4    
1090         1111010110001111111110111111110         4    
1091         1111111111111111111111111111111111111111111111101111110111111110        0    
1092         1111111111111111111111111111111111111111111111101111110111110010        0    
1093         1111111111111111111111111111111111111111111111101111110111110010        0    
1094         1111111111111111111111111111111111111111111111101111110101110010        0    
1095         1111111111111111111111111111111111111111111111111111110101110010        0    
1096         1111111111111111111111111111111111111111111111111111110101110010        0    
1097         1111111111111111111111111111111111111111111111111111110101110010        0    
1098         1111111111111111111111111111111111111111111111111111111111110010        4    
1099         1111111111111111111111111111111111111111111111111111111111110010        4    
1100         1111111111111111111111111111111111111111111111101111111111110110        4    
1101         1111111111111111111111111111111111111111111111101111111111110110        4    
1102         1111111111111111111111111111111111111111111111101111111101110110        4    
1103         1111111111111111111111111111111111111111111111101111111101110110        4    
1104         1111111111111111111111111111111111111111111111111111111101110110        4    
1105         1111111111111111111111111111111111111111111111111111111101110110        4    
1106         1111111111111111111111111111111111111111111111111111111111110110        4    
1107         1111111111111111111111111111111111111111111111111111111111110110        4    
1108         1111111111111111111111111111111111111111111111111111011111111010        4    
1109         1111111111111111111111111111111111111111111111111111011111111010        4    
1110         1111111111111111111111111111111111111111111111111111011101111010        4    
1111         1111111111111111111111111111111111111111111111111111011101111010        4    
1112         1111111111111111111111111111111111111111111111111111111110111010        4    
1113         1111111111111111111111111111111111111111111111111111111110111010        4    
1114         1111111111111111111111111111111111111111111111111111110110111010        4    
1115         1111111111111111111111111111111111111111111111111111110110111010        4    
1116         1111111111111111111111111111111111111111111111111111010111111010        4    
1117         1111111111111111111111111111111111111111111111111111010111111010        4    
1118         1111111111111111111111111111111111111111111111111111010111111010        4    
1119         1111111111111111111111111111111111111111111111111101111100111010        4    
1120         1111111111111111111111111111111111111111111111111101111100111010        4    
1121         1111111111111111111111111111111111111111111111111101111010111010        4    
1122         1111111111111111111111111111111111111111111111111101111010111010        4    
1123         1111111111111111111111111111111111111111111111111101011010110110        4    
1124         1111111111111111111111111111111111111111111111111101011010110110        1    
1125         1111111111111111111111111111111111111111111111111101011000110110        1    
1126         1111111111111111111111111111111111111111111111111101011000110110        1    
1127         1111111111111111111111111111111111111111111111111101111000110110        1    
1128         1111111111111111111111111111111111111111111111111101111000110110        1    
1129         1111111111111111111111111111111111111111111111111101111110110110        1    
1130         1111111111111111111111111111111111111111111111111101111110110110        1    
1131         1111111111111111111111111111111111111111111111111101011111110110        1    
1132         1111111111111111111111111111111111111111111111111101011111110110        1    
1133         1111111111111111111111111111111111111111111111111101011101110110        1    
1134         1111111111111111111111111111111111111111110000011101011101110110        1    
1135         1111111111111111111111111111111111111111110000101101011110110110        1    
1136         1111111111111111111111111111111111111111111000101101011110110110        1    
1137         1111111111111111111111111111111111111111111000101100011110110110        1    
1138         1111111111111111111111111111111111111111111000101100011110110110        1    
1139         1111111111111111111111111111111111111111111000111100011111110110        1    
1140         1111111111111111111111111111111111111111110000111100011111110110        1    
1141         1111111111111111111111111111111111111111110000111011011111110110        1    
1142         1111111111111111111111111111111111111111110000111011011111110110        1    
1143         1111111111111111111111111111111111111111110001001011011111110010        1    
1144         1111111111111111111111111111111111111111110001001011011111110010        1    
1145         1111111111111111111111111111111111111111110001001010011111110010        1    
1146         1111111111111111111111111111111111111111110001001010011111110010        1    
1147         1111111111111111111111111111111111111111110001011010011111110010        1    
1148         1111111111111111111111111111111111111111110001011010011111110010        2    
1149         1111111111111111111111111111111111111111110001011001011111110010        2    
1150         1110110100001111001011111110010         0    
1151         1110110100001110111111111111110         0    
1152         1110110100001110111111111111110         0    
1153         1110110100001110111111111111110         0    
1154         1110011100001110111111111111110         0    
1155         1110011100001110111011110111110         0    
1156         1110011111001110111011110111110         0    
1157         1110011111001110111011010111110         0    
1158         1110011011001110111011010111110         0    
1159         1110011011001110111111001111110         0    
1160         1110011010001110111111001111110         0    
1161         1110011010001110111111011111110         0    
1162         1100011010001110111111011111110         0    
1163         1100011001001100111111010111110         0    
1164         1110011001001100111111100111110         0    
1165         1110011001000110111111100111110         0    
1166         1110011000000110111111100111110         4    
1167         1100011000000110111111110111110         4    
1168         1111111111111111111111111111111111111111111111100111111110111010        0    
1169         1111111111111111111111111111111111111111111111100111111110111010        0    
1170         1111111111111111111111111111111111111111111111100111111100111010        0    
1171         1111111111111111111111111111111111111111111111110111111100111010        0    
1172         1111111111111111111111111111111111111111111111110111111100111010        0    
1173         1111111111111111111111111111111111111111111111110111111010111010        4    
1174         1111111111111111111111111111111111111111111111110111011010110110        4    
