timestep     pacman_x     pacman_y     pacman_xdir     pacman_ydir     eat_mode_active     ghost1_x     ghost1_y     ghost2_x     ghost2_y     ghost3_x     ghost3_y     ghost4_x     ghost4_y
0            15           24           -1              0               0                   15           14           14           15           12           15           16           15      
1            15           24           -1              0               0                   15           13           15           15           13           15           17           15      
2            14           24           -1              0               0                   15           13           15           15           13           15           17           15      
3            14           24           -1              0               0                   14           12           16           15           14           15           17           14      
4            13           24           -1              0               0                   14           12           16           15           14           15           17           14      
5            13           24           -1              0               0                   14           11           17           15           15           15           17           13      
6            12           24           -1              0               0                   14           11           17           15           15           15           17           13      
7            11           24           -1              0               0                   13           11           17           14           16           15           16           13      
8            11           24           -1              0               0                   12           11           17           13           17           15           15           13      
9            10           24           -1              0               0                   12           11           17           13           17           15           15           13      
10           10           24           -1              0               0                   11           11           16           13           17           14           14           13      
11           9            24           -1              0               0                   11           11           16           13           17           14           14           13      
12           9            24           -1              0               0                   10           11           15           13           17           13           13           13      
13           8            24           -1              0               0                   10           11           15           13           17           13           13           13      
14           7            24           -1              0               0                   9            11           14           12           16           13           12           13      
15           7            24           -1              0               0                   9            12           14           11           15           13           12           14      
16           6            24           -1              0               0                   9            12           14           11           15           13           12           14      
17           6            24           0               1               0                   9            12           14           11           15           13           12           14      
18           6            24           0               1               0                   9            13           13           11           14           13           12           15      
19           6            25           0               1               0                   9            13           13           11           14           13           12           15      
20           6            25           0               1               0                   9            14           12           11           13           13           13           15      
21           6            26           0               1               0                   9            14           12           11           13           13           13           15      
22           6            26           0               1               0                   9            15           11           11           12           13           14           15      
23           6            27           0               1               0                   9            15           11           11           12           13           14           15      
24           6            27           -1              0               0                   9            15           11           11           12           13           14           15      
25           6            27           -1              0               0                   9            16           10           11           12           14           15           15      
26           5            27           -1              0               0                   9            16           10           11           12           14           15           15      
27           5            27           -1              0               0                   9            17           9            11           12           15           16           15      
28           4            27           -1              0               0                   9            17           9            11           12           15           16           15      
29           4            27           -1              0               0                   9            18           9            12           13           15           17           15      
30           3            27           -1              0               0                   9            18           9            12           13           15           17           15      
31           3            27           -1              0               0                   9            19           9            13           14           15           17           14      
32           2            27           -1              0               0                   9            19           9            13           14           15           17           14      
33           2            27           -1              0               0                   9            20           9            14           15           15           17           13      
34           1            27           -1              0               0                   9            20           9            14           15           15           17           13      
35           1            27           0               1               0                   9            20           9            14           15           15           17           13      
36           1            27           0               1               0                   9            21           8            14           16           15           16           13      
37           1            28           0               1               0                   9            21           8            14           16           15           16           13      
38           1            28           0               1               0                   8            21           7            14           17           15           15           13      
39           1            29           0               1               0                   8            21           7            14           17           15           15           13      
40           1            29           0               1               0                   7            21           6            14           17           14           14           13      
41           1            30           0               1               0                   7            21           6            14           17           14           14           13      
42           1            30           1               0               0                   7            21           6            14           17           14           14           13      
43           1            30           1               0               0                   6            21           6            15           17           13           13           13      
44           2            30           1               0               0                   6            21           6            15           17           13           13           13      
45           2            30           1               0               0                   6            22           6            16           16           13           12           13      
46           3            30           1               0               0                   6            22           6            16           16           13           12           13      
47           3            30           1               0               0                   6            23           6            17           15           13           12           14      
48           4            30           1               0               0                   6            23           6            17           15           13           12           14      
49           4            30           1               0               0                   6            24           6            18           14           12           12           15      
50           5            30           1               0               0                   6            24           6            18           14           12           12           15      
51           5            30           1               0               0                   6            25           6            19           14           11           13           15      
52           6            30           1               0               0                   6            25           6            19           14           11           13           15      
53           6            30           1               0               0                   6            26           6            20           13           11           14           15      
54           7            30           1               0               0                   6            26           6            20           13           11           14           15      
55           7            30           1               0               0                   6            27           6            21           12           11           15           15      
56           8            30           1               0               0                   6            27           6            21           12           11           15           15      
57           9            30           1               0               0                   5            27           7            21           11           11           16           15      
58           9            30           1               0               0                   4            27           8            21           10           11           17           15      
59           10           30           1               0               0                   4            27           8            21           10           11           17           15      
60           10           30           1               0               0                   3            27           9            21           9            11           17           14      
61           11           30           1               0               0                   3            27           9            21           9            11           17           14      
62           11           30           1               0               0                   3            26           10           21           9            12           17           13      
63           12           30           1               0               0                   3            26           10           21           9            12           17           13      
64           12           30           1               0               0                   3            25           11           21           9            13           16           13      
65           13           30           1               0               0                   3            25           11           21           9            13           16           13      
66           13           30           1               0               0                   3            24           12           21           9            14           15           13      
67           14           30           1               0               0                   3            24           12           21           9            14           15           13      
68           14           30           1               0               0                   2            24           13           21           9            15           14           12      
69           15           30           1               0               0                   2            24           13           21           9            15           14           12      
70           15           30           1               0               0                   1            24           13           22           9            16           14           11      
71           16           30           1               0               0                   1            24           13           22           9            16           14           11      
72           16           30           1               0               0                   1            23           13           23           9            17           15           11      
73           17           30           1               0               0                   1            23           13           23           9            17           15           11      
74           17           30           1               0               0                   1            22           13           24           9            18           16           11      
75           18           30           1               0               0                   1            22           13           24           9            18           16           11      
76           18           30           1               0               0                   1            21           14           24           10           18           17           11      
77           19           30           1               0               0                   1            21           14           24           10           18           17           11      
78           19           30           1               0               0                   2            21           15           24           11           18           18           11      
79           20           30           1               0               0                   2            21           15           24           11           18           18           11      
80           20           30           1               0               0                   3            21           16           24           12           18           19           11      
81           21           30           1               0               0                   3            21           16           24           12           18           19           11      
82           21           30           1               0               0                   4            21           17           24           13           18           20           11      
83           22           30           1               0               0                   4            21           17           24           13           18           20           11      
84           22           30           1               0               0                   5            21           18           24           14           18           20           12      
85           23           30           1               0               0                   5            21           18           24           14           18           20           12      
86           23           30           1               0               0                   6            21           19           24           15           18           20           13      
87           24           30           1               0               0                   6            21           19           24           15           18           20           13      
88           24           30           1               0               0                   6            22           20           24           16           18           20           14      
89           25           30           1               0               0                   6            22           20           24           16           18           20           14      
90           25           30           1               0               0                   6            23           20           25           17           18           21           14      
91           26           30           1               0               0                   6            23           20           25           17           18           21           14      
92           26           30           1               0               0                   6            24           20           26           18           18           22           14      
93           27           30           1               0               0                   6            24           20           26           18           18           22           14      
94           27           30           1               0               0                   7            24           20           27           19           18           23           14      
95           28           30           1               0               0                   7            24           20           27           19           18           23           14      
96           28           30           0               -1              0                   7            24           20           27           19           18           23           14      
97           28           30           0               -1              0                   8            24           19           27           20           18           23           15      
98           28           29           0               -1              0                   8            24           19           27           20           18           23           15      
99           28           29           0               -1              0                   9            24           18           27           20           19           23           16      
100          28           28           0               -1              0                   9            24           18           27           20           19           23           16      
101          28           28           0               -1              0                   9            25           17           27           20           20           23           17      
102          28           27           0               -1              0                   9            25           17           27           20           20           23           17      
103          28           27           -1              0               0                   9            25           17           27           20           20           23           17      
104          28           27           -1              0               0                   9            26           16           27           20           21           23           18      
105          27           27           -1              0               0                   9            26           16           27           20           21           23           18      
106          27           27           -1              0               0                   9            27           16           28           21           21           23           19      
107          26           27           -1              0               0                   9            27           16           28           21           21           23           19      
108          26           27           0               -1              0                   9            27           16           28           21           21           23           19      
109          26           27           0               -1              0                   10           27           16           29           22           21           23           20      
110          26           26           0               -1              0                   10           27           16           29           22           21           23           20      
111          26           26           0               -1              0                   11           27           16           30           23           21           23           21      
112          26           25           0               -1              0                   11           27           16           30           23           21           23           21      
113          26           25           0               -1              0                   12           27           17           30           23           22           24           21      
114          26           24           0               -1              0                   12           27           17           30           23           22           24           21      
115          26           24           1               0               0                   12           27           17           30           23           22           24           21      
116          27           24           1               0               0                   13           27           18           30           23           23           25           21      
117          27           24           1               0               0                   13           28           19           30           23           24           26           21      
118          28           24           1               0               1                   13           28           19           30           23           24           26           21      
119          28           24           0               -1              1                   13           28           19           30           23           24           26           21      
120          28           23           0               -1              1                   13           28           19           30           23           24           26           21      
121          28           22           0               -1              1                   13           28           19           30           23           24           26           21      
122          28           22           0               -1              1                   13           28           19           30           23           24           16           15      
123          28           22           0               -1              1                   13           29           20           30           22           24           16           15      
124          28           21           0               -1              1                   13           29           20           30           22           24           16           15      
125          28           21           -1              0               1                   13           29           20           30           22           24           16           15      
126          28           21           -1              0               1                   13           29           20           30           22           24           17           15      
127          27           21           -1              0               1                   13           29           20           30           22           24           17           15      
128          27           21           -1              0               1                   13           29           20           30           22           24           17           14      
129          26           21           -1              0               1                   13           29           20           30           22           24           17           14      
130          26           21           -1              0               1                   13           29           20           30           22           24           17           13      
131          26           21           -1              0               1                   13           30           21           30           21           24           17           13      
132          25           21           -1              0               1                   13           30           21           30           21           24           17           13      
133          25           21           -1              0               1                   13           30           21           30           21           24           16           13      
134          24           21           -1              0               1                   13           30           21           30           21           24           16           13      
135          24           21           -1              0               1                   13           30           21           30           21           24           15           13      
136          23           21           -1              0               1                   13           30           21           30           21           24           15           13      
137          23           21           0               1               1                   13           30           21           30           21           24           15           13      
138          23           21           0               1               1                   12           30           22           30           20           24           14           13      
139          23           22           0               1               1                   12           30           22           30           20           24           14           13      
140          23           22           0               1               1                   12           30           22           30           20           24           13           13      
141          23           23           0               1               1                   12           30           22           30           20           24           13           13      
142          23           23           0               1               1                   12           30           22           30           20           24           12           13      
143          23           24           0               1               1                   12           30           22           30           20           24           12           13      
144          23           24           -1              0               1                   12           30           22           30           20           24           12           13      
145          23           24           -1              0               1                   11           30           23           30           19           24           12           14      
146          22           24           -1              0               1                   11           30           23           30           19           24           12           14      
147          22           24           -1              0               1                   11           30           23           30           19           24           12           15      
148          21           24           -1              0               1                   11           30           23           30           19           24           12           15      
149          21           24           -1              0               1                   11           30           23           30           19           24           13           15      
150          20           24           -1              0               1                   11           30           23           30           19           24           13           15      
151          20           24           -1              0               1                   10           30           24           30           18           24           13           15      
152          20           24           -1              0               1                   10           30           24           30           18           24           14           15      
153          20           24           -1              0               1                   10           30           24           30           12           15           14           15      
154          19           24           -1              0               1                   10           30           24           30           12           15           14           15      
155          19           24           -1              0               1                   10           30           24           30           12           15           15           15      
156          19           24           -1              0               1                   10           30           24           30           13           15           15           15      
157          18           24           -1              0               1                   10           30           24           30           13           15           15           15      
158          18           24           -1              0               1                   10           30           24           30           13           15           16           15      
159          18           24           -1              0               1                   10           30           24           30           14           15           16           15      
160          17           24           -1              0               1                   9            30           25           30           14           15           16           15      
161          17           24           -1              0               1                   9            30           25           30           14           15           17           15      
162          17           24           -1              0               1                   9            30           25           30           15           15           17           15      
163          16           24           -1              0               1                   9            30           25           30           15           15           17           15      
164          16           24           0               -1              1                   9            30           25           30           15           15           17           15      
165          16           24           0               -1              1                   9            30           25           30           15           15           17           14      
166          16           24           0               -1              1                   9            30           25           30           16           15           17           14      
167          16           23           0               -1              1                   9            30           25           30           16           15           17           14      
168          16           23           0               -1              1                   9            30           25           30           16           15           17           13      
169          16           23           0               -1              1                   9            30           25           30           17           15           17           13      
170          16           22           0               -1              1                   8            30           26           30           17           15           17           13      
171          16           22           0               -1              1                   8            30           26           30           17           15           16           13      
172          16           22           0               -1              1                   8            30           26           30           17           14           16           13      
173          16           21           0               -1              1                   8            30           26           30           17           14           16           13      
174          16           21           1               0               1                   8            30           26           30           17           14           16           13      
175          16           21           1               0               1                   8            30           26           30           17           14           15           13      
176          16           21           1               0               1                   8            30           26           30           17           13           15           13      
177          17           21           1               0               1                   8            30           26           30           17           13           15           13      
178          17           21           1               0               1                   8            30           26           30           17           13           14           13      
179          17           21           1               0               1                   7            30           27           30           16           13           14           13      
180          18           21           1               0               1                   7            30           27           30           16           13           14           13      
181          18           21           1               0               1                   7            30           27           30           16           13           13           13      
182          18           21           1               0               1                   7            30           27           30           15           13           13           13      
183          19           21           1               0               1                   7            30           27           30           15           13           13           13      
184          19           21           1               0               1                   7            30           27           30           15           13           12           13      
185          19           21           1               0               1                   7            30           27           30           14           13           12           13      
186          20           21           1               0               1                   7            30           27           30           14           13           12           13      
187          20           21           1               0               1                   7            30           27           30           14           13           12           14      
188          20           21           1               0               1                   6            30           28           30           13           13           12           14      
189          21           21           1               0               1                   6            30           28           30           13           13           12           14      
190          21           21           1               0               1                   6            30           28           30           13           13           12           15      
191          21           21           1               0               1                   6            30           28           30           12           13           12           15      
192          22           21           1               0               1                   6            30           28           30           12           13           12           15      
193          22           21           1               0               1                   6            30           28           30           12           13           13           15      
194          22           21           1               0               1                   6            30           28           30           12           14           13           15      
195          23           21           1               0               1                   6            30           28           30           12           14           13           15      
196          23           21           0               -1              1                   6            30           28           30           12           14           13           15      
197          23           21           0               -1              1                   5            30           28           29           12           14           14           15      
198          23           21           0               -1              1                   5            30           28           29           12           15           14           15      
199          23           20           0               -1              1                   5            30           28           29           12           15           14           15      
200          23           20           0               -1              1                   5            30           28           29           12           15           15           15      
201          23           20           0               -1              1                   5            30           28           29           13           15           15           15      
202          23           19           0               -1              1                   5            30           28           29           13           15           15           15      
203          23           19           0               -1              1                   5            30           28           29           13           15           16           15      
204          23           19           0               -1              1                   5            30           28           29           14           15           16           15      
205          23           18           0               -1              1                   5            30           28           29           14           15           16           15      
206          23           18           0               -1              1                   4            30           28           28           14           15           17           15      
207          23           18           0               -1              1                   4            30           28           28           15           15           17           15      
208          23           17           0               -1              1                   4            30           28           28           15           15           17           15      
209          23           17           0               -1              1                   4            30           28           28           15           15           17           14      
210          23           17           0               -1              1                   4            30           28           28           16           15           17           14      
211          23           16           0               -1              1                   4            30           28           28           16           15           17           14      
212          23           16           0               -1              1                   4            30           28           28           16           15           17           13      
213          23           16           0               -1              1                   4            30           28           28           17           15           17           13      
214          23           15           0               -1              1                   4            30           28           28           17           15           17           13      
215          23           15           0               -1              1                   3            30           28           27           17           15           17           13      
216          23           15           0               -1              1                   3            30           28           27           17           15           16           13      
217          23           15           0               -1              1                   3            30           28           27           17           14           16           13      
218          23           14           0               -1              1                   3            30           28           27           17           14           16           13      
219          23           14           0               -1              1                   3            30           28           27           17           14           15           13      
220          23           14           0               -1              1                   3            30           28           27           17           13           15           13      
221          23           13           0               -1              1                   3            30           28           27           17           13           15           13      
222          23           13           0               -1              1                   3            30           28           27           17           13           14           13      
223          23           13           0               -1              1                   3            30           28           27           16           13           14           13      
224          23           12           0               -1              1                   2            30           27           27           16           13           14           13      
225          23           12           0               -1              1                   2            30           27           27           16           13           13           13      
226          23           12           0               -1              1                   2            30           27           27           15           13           13           13      
227          23           11           0               -1              1                   2            30           27           27           15           13           13           13      
228          23           11           0               -1              1                   2            30           27           27           15           13           12           13      
229          23           11           0               -1              1                   2            30           27           27           14           13           12           13      
230          23           10           0               -1              1                   2            30           27           27           14           13           12           13      
231          23           10           0               -1              1                   2            30           27           27           14           13           12           14      
232          23           10           0               -1              1                   2            30           27           27           13           13           12           14      
233          23           9            0               -1              1                   1            30           26           27           13           13           12           14      
234          23           9            0               -1              1                   1            30           26           27           13           13           12           15      
235          23           9            0               -1              1                   1            30           26           27           12           13           12           15      
236          23           8            0               -1              1                   1            30           26           27           12           13           12           15      
237          23           8            1               0               1                   1            30           26           27           12           13           12           15      
238          23           8            1               0               1                   1            30           26           27           12           13           13           15      
239          23           8            1               0               1                   1            30           26           27           12           14           13           15      
240          24           8            1               0               1                   1            30           26           27           12           14           13           15      
241          24           8            1               0               1                   1            30           26           27           12           14           14           15      
242          24           8            1               0               1                   1            29           26           26           12           15           14           15      
243          25           8            1               0               1                   1            29           26           26           12           15           14           15      
244          25           8            1               0               1                   1            29           26           26           12           15           15           15      
245          25           8            1               0               1                   1            29           26           26           13           15           15           15      
246          26           8            1               0               1                   1            29           26           26           13           15           15           15      
247          26           8            1               0               1                   1            29           26           26           13           15           16           15      
248          26           8            1               0               1                   1            29           26           26           14           15           16           15      
249          27           8            1               0               1                   1            29           26           26           14           15           16           15      
250          27           8            1               0               1                   1            29           26           26           14           15           17           15      
251          27           8            1               0               1                   1            28           26           25           15           15           17           15      
252          28           8            1               0               1                   1            28           26           25           15           15           17           15      
253          28           8            0               -1              1                   1            28           26           25           15           15           17           15      
254          28           8            0               -1              1                   1            28           26           25           15           15           17           14      
255          28           8            0               -1              1                   1            28           26           25           16           15           17           14      
256          28           7            0               -1              1                   1            28           26           25           16           15           17           14      
257          28           7            0               -1              1                   1            28           26           25           16           15           17           13      
258          28           7            0               -1              1                   1            28           26           25           17           15           17           13      
259          28           6            0               -1              1                   1            28           26           25           17           15           17           13      
260          28           6            0               -1              1                   1            27           26           24           17           15           16           13      
261          28           6            0               -1              1                   1            27           26           24           17           14           16           13      
262          28           5            0               -1              1                   1            27           26           24           17           14           16           13      
263          28           5            -1              0               1                   1            27           26           24           17           14           16           13      
264          28           5            -1              0               1                   1            27           26           24           17           14           15           13      
265          28           5            -1              0               1                   1            27           26           24           17           13           15           13      
266          27           5            -1              0               1                   1            27           26           24           17           13           15           13      
267          27           5            -1              0               1                   1            27           26           24           17           13           14           12      
268          27           5            -1              0               1                   1            27           26           24           16           13           14           12      
269          26           5            -1              0               1                   1            27           26           24           16           13           14           12      
270          26           5            -1              0               1                   2            27           27           24           16           13           14           11      
271          26           5            -1              0               1                   2            27           27           24           15           13           14           11      
272          25           5            -1              0               1                   2            27           27           24           15           13           14           11      
273          25           5            -1              0               1                   2            27           27           24           15           13           15           11      
274          25           5            -1              0               1                   2            27           27           24           14           12           15           11      
275          24           5            -1              0               1                   2            27           27           24           14           12           15           11      
276          24           5            -1              0               1                   2            27           27           24           14           12           16           11      
277          24           5            -1              0               1                   2            27           27           24           14           11           16           11      
278          23           5            -1              0               1                   2            27           27           24           14           11           16           11      
279          23           5            0               1               1                   3            27           28           24           14           11           16           11      
280          23           5            0               1               1                   3            27           28           24           14           11           17           11      
281          23           5            0               1               1                   3            27           28           24           15           11           17           11      
282          23           6            0               1               1                   3            27           28           24           15           11           17           11      
283          23           6            0               1               1                   3            27           28           24           15           11           18           11      
284          23           6            0               1               1                   3            27           28           24           16           11           18           11      
285          23           7            0               1               1                   3            27           28           24           16           11           18           11      
286          23           7            0               -1              1                   3            27           28           24           16           11           18           11      
287          23           7            0               -1              1                   3            27           28           24           16           11           19           11      
288          23           7            0               -1              1                   3            27           28           24           17           11           19           11      
289          23           6            0               -1              1                   3            26           28           23           17           11           19           11      
290          23           6            0               -1              1                   3            26           28           23           17           11           20           11      
291          23           6            0               -1              0                   3            26           28           23           18           11           20           11      
292          23           5            0               -1              0                   3            26           28           23           18           11           20           11      
293          23           5            -1              0               0                   3            26           28           23           18           11           20           11      
294          23           5            -1              0               0                   3            25           28           22           18           11           20           12      
295          23           5            -1              0               0                   3            25           28           22           19           11           20           12      
296          22           5            -1              0               0                   3            25           28           22           19           11           20           12      
297          22           5            -1              0               0                   3            24           28           21           19           11           20           13      
298          22           5            -1              0               0                   3            24           28           21           20           11           20           13      
299          21           5            -1              0               0                   3            24           28           21           20           11           20           13      
300          21           5            -1              0               0                   2            24           27           21           20           11           20           14      
301          21           5            -1              0               0                   2            24           27           21           20           12           20           14      
302          20           5            -1              0               0                   2            24           27           21           20           12           20           14      
303          20           5            -1              0               0                   1            24           26           21           20           12           20           15      
304          20           5            -1              0               0                   1            24           26           21           20           13           20           15      
305          19           5            -1              0               0                   1            24           26           21           20           13           20           15      
306          19           5            -1              0               0                   1            23           25           21           20           13           20           16      
307          19           5            -1              0               0                   1            23           25           21           20           14           20           16      
308          18           5            -1              0               0                   1            23           25           21           20           14           20           16      
309          18           5            -1              0               0                   1            22           24           21           20           14           20           17      
310          18           5            -1              0               0                   1            22           24           21           21           14           20           17      
311          17           5            -1              0               0                   1            22           24           21           21           14           20           17      
312          17           5            -1              0               0                   1            21           23           21           21           14           20           18      
313          17           5            -1              0               0                   1            21           23           21           22           14           20           18      
314          16           5            -1              0               0                   1            21           23           21           22           14           20           18      
315          16           5            0               -1              0                   1            21           23           21           22           14           20           18      
316          16           5            0               -1              0                   2            21           23           20           22           14           19           18      
317          16           5            0               -1              0                   2            21           23           20           23           14           19           18      
318          16           4            0               -1              0                   2            21           23           20           23           14           19           18      
319          16           4            0               -1              0                   2            21           23           20           23           14           18           18      
320          16           4            0               -1              0                   3            21           23           19           24           14           18           18      
321          16           3            0               -1              0                   3            21           23           19           24           14           18           18      
322          16           3            0               -1              0                   4            21           23           18           24           14           17           18      
323          16           3            0               -1              0                   4            21           23           18           25           14           17           18      
324          16           2            0               -1              0                   4            21           23           18           25           14           17           18      
325          16           2            0               -1              0                   5            21           23           17           25           14           16           18      
326          16           2            0               -1              0                   5            21           23           17           26           14           16           18      
327          16           1            0               -1              0                   5            21           23           17           26           14           16           18      
328          16           1            1               0               0                   5            21           23           17           26           14           16           18      
329          16           1            1               0               0                   6            21           23           16           26           14           15           18      
330          16           1            1               0               0                   6            21           23           16           27           14           15           18      
331          17           1            1               0               0                   6            21           23           16           27           14           15           18      
332          17           1            1               0               0                   6            20           23           15           27           14           14           18      
333          17           1            1               0               0                   6            20           23           15           28           14           14           18      
334          18           1            1               0               0                   6            20           23           15           28           14           14           18      
335          18           1            1               0               0                   6            19           23           14           28           14           13           18      
336          18           1            1               0               0                   6            19           23           14           29           14           13           18      
337          19           1            1               0               0                   6            19           23           14           29           14           13           18      
338          19           1            1               0               0                   6            18           23           13           29           14           12           18      
339          19           1            1               0               0                   6            18           23           13           0            14           12           18      
340          20           1            1               0               0                   6            18           23           13           0            14           12           18      
341          20           1            1               0               0                   6            18           23           13           0            14           11           18      
342          20           1            1               0               0                   6            17           23           12           1            14           11           18      
343          21           1            1               0               0                   6            17           23           12           1            14           11           18      
344          21           1            1               0               0                   6            16           23           11           1            14           10           18      
345          21           1            1               0               0                   6            16           23           11           2            14           10           18      
346          22           1            1               0               0                   6            16           23           11           2            14           10           18      
347          22           1            1               0               0                   6            15           23           10           2            14           9            18      
348          22           1            1               0               0                   6            15           23           10           3            14           9            18      
349          23           1            1               0               0                   6            15           23           10           3            14           9            18      
350          23           1            1               0               0                   6            14           23           9            3            14           9            17      
351          23           1            1               0               0                   6            14           23           9            4            14           9            17      
352          24           1            1               0               0                   6            14           23           9            4            14           9            17      
353          24           1            1               0               0                   6            14           23           9            4            14           9            16      
354          24           1            1               0               0                   7            14           23           8            5            14           9            16      
355          25           1            1               0               0                   7            14           23           8            5            14           9            16      
356          25           1            1               0               0                   8            14           23           7            5            14           9            15      
357          25           1            1               0               0                   8            14           23           7            6            14           9            15      
358          26           1            1               0               0                   8            14           23           7            6            14           9            15      
359          26           1            1               0               0                   8            14           23           7            6            14           9            14      
360          26           1            1               0               0                   9            14           23           6            6            13           9            14      
361          27           1            1               0               0                   9            14           23           6            6            13           9            14      
362          27           1            1               0               0                   9            13           23           5            6            13           9            13      
363          27           1            1               0               0                   9            13           23           5            6            12           9            13      
364          28           1            1               0               0                   9            13           23           5            6            12           9            13      
365          28           1            0               1               0                   9            13           23           5            6            12           9            13      
366          28           1            0               1               0                   9            12           24           5            6            12           9            12      
367          28           1            0               1               0                   9            12           24           5            6            11           9            12      
368          28           2            0               1               0                   9            12           24           5            6            11           9            12      
369          28           2            0               1               0                   9            11           25           5            6            11           9            11      
370          28           2            0               1               0                   9            11           25           5            6            10           9            11      
371          28           3            0               1               1                   9            11           25           5            6            10           9            11      
372          28           4            0               1               1                   9            11           25           5            6            10           9            11      
373          28           5            0               1               1                   9            11           25           5            6            10           9            11      
374          28           5            -1              0               1                   10           11           26           5            6            10           10           11      
375          28           5            -1              0               1                   10           11           14           15           6            10           10           11      
376          27           5            -1              0               1                   10           11           14           15           6            9            10           11      
377          27           5            -1              0               1                   10           11           15           15           6            9            10           11      
378          26           5            -1              0               1                   10           11           15           15           6            9            10           11      
379          26           5            -1              0               1                   10           11           16           15           6            9            10           11      
380          25           5            -1              0               1                   11           11           16           15           6            9            11           11      
381          25           5            -1              0               1                   11           11           17           15           6            8            11           11      
382          24           5            -1              0               1                   11           11           17           15           6            8            11           11      
383          24           5            -1              0               1                   11           11           17           14           6            8            11           11      
384          23           5            -1              0               1                   11           11           17           14           6            8            11           11      
385          23           5            0               -1              1                   11           11           17           14           6            8            11           11      
386          23           5            0               -1              1                   12           11           17           13           6            8            12           11      
387          23           4            0               -1              1                   12           11           17           13           6            8            12           11      
388          23           4            0               -1              1                   12           11           17           13           5            8            12           11      
389          23           4            0               -1              1                   12           11           16           13           5            8            12           11      
390          23           3            0               -1              1                   12           11           16           13           5            8            12           11      
391          23           3            0               -1              1                   12           11           15           13           5            8            12           11      
392          23           2            0               -1              1                   12           11           15           13           5            8            12           11      
393          23           2            0               1               1                   12           11           15           13           5            8            12           11      
394          23           2            0               1               1                   13           11           14           13           5            8            13           11      
395          23           3            0               1               1                   13           11           14           13           5            8            13           11      
396          23           3            0               1               1                   13           11           14           13           4            8            13           11      
397          23           3            0               1               1                   13           11           13           13           4            8            13           11      
398          23           4            0               1               1                   13           11           13           13           4            8            13           11      
399          23           4            0               1               1                   13           11           12           13           4            8            13           11      
400          23           5            0               1               1                   13           11           12           13           4            8            13           11      
401          23           5            -1              0               1                   13           11           12           13           4            8            13           11      
402          23           5            -1              0               1                   13           10           12           13           4            8            13           10      
403          23           5            -1              0               1                   13           10           12           14           4            8            13           10      
404          22           5            -1              0               1                   13           10           12           14           4            8            13           10      
405          22           5            -1              0               1                   13           10           12           14           3            8            13           10      
406          22           5            -1              0               1                   13           10           12           15           3            8            13           10      
407          21           5            -1              0               1                   13           10           12           15           3            8            13           10      
408          21           5            -1              0               1                   13           10           13           15           3            8            13           10      
409          20           5            -1              0               1                   13           10           13           15           3            8            13           10      
410          20           5            0               1               1                   13           10           13           15           3            8            13           10      
411          20           5            0               1               1                   13           9            13           15           3            8            13           9       
412          20           5            0               1               1                   13           9            14           15           3            8            13           9       
413          20           6            0               1               1                   13           9            14           15           2            8            13           9       
414          20           6            0               1               1                   13           9            15           15           2            8            13           9       
415          20           7            0               1               1                   13           9            15           15           2            8            13           9       
416          20           7            0               1               1                   13           9            16           15           2            8            13           9       
417          20           8            0               1               1                   13           9            16           15           2            8            13           9       
418          20           8            -1              0               1                   13           8            16           15           2            8            13           8       
419          20           8            -1              0               1                   13           8            17           15           2            8            13           8       
420          19           8            -1              0               1                   13           8            17           15           1            8            13           8       
421          19           8            -1              0               1                   13           8            17           14           1            8            13           8       
422          18           8            -1              0               1                   13           8            17           14           1            8            13           8       
423          18           8            -1              0               1                   13           8            17           13           1            8            13           8       
424          17           8            -1              0               1                   13           8            17           13           1            8            13           8       
425          17           8            -1              0               1                   12           8            17           13           1            8            12           8       
426          17           8            -1              0               1                   12           8            16           13           1            8            12           8       
427          16           8            -1              0               1                   12           8            16           13           1            7            12           8       
428          16           8            0               1               1                   12           8            16           13           1            7            12           8       
429          16           8            0               1               1                   12           8            15           13           1            7            12           8       
430          16           9            0               1               1                   12           8            15           13           1            7            12           8       
431          16           9            0               1               1                   12           8            14           12           1            7            12           8       
432          16           10           0               1               1                   11           8            14           12           1            7            11           8       
433          16           10           0               1               1                   11           8            14           11           1            6            11           8       
434          16           11           0               1               1                   11           8            14           11           1            6            11           8       
435          16           11           -1              0               1                   11           8            14           11           1            6            11           8       
