timestep     pacman_x     pacman_y     pacman_xdir     pacman_ydir     eat_mode_active     ghost1_x     ghost1_y     ghost2_x     ghost2_y     ghost3_x     ghost3_y     ghost4_x     ghost4_y
0            15           24           -1              0               0                   15           14           14           15           12           15           16           15      
1            15           24           -1              0               0                   15           13           15           15           13           15           17           15      
2            14           24           -1              0               0                   15           13           15           15           13           15           17           15      
3            14           24           -1              0               0                   14           12           16           15           14           15           17           14      
4            13           24           -1              0               0                   14           12           16           15           14           15           17           14      
5            13           24           -1              0               0                   14           11           17           15           15           15           17           13      
6            12           24           -1              0               0                   14           11           17           15           15           15           17           13      
7            12           24           -1              0               0                   13           11           17           14           16           15           16           13      
8            11           24           -1              0               0                   13           11           17           14           16           15           16           13      
9            11           24           -1              0               0                   12           11           17           13           17           15           15           13      
10           10           24           -1              0               0                   12           11           17           13           17           15           15           13      
11           10           24           -1              0               0                   11           11           16           13           17           14           14           13      
12           9            24           -1              0               0                   11           11           16           13           17           14           14           13      
13           9            24           -1              0               0                   10           11           15           13           17           13           13           13      
14           8            24           -1              0               0                   10           11           15           13           17           13           13           13      
15           8            24           -1              0               0                   9            11           14           12           16           13           12           13      
16           7            24           -1              0               0                   9            11           14           12           16           13           12           13      
17           7            24           -1              0               0                   9            12           14           11           15           13           12           14      
18           6            24           -1              0               0                   9            12           14           11           15           13           12           14      
19           6            24           0               1               0                   9            12           14           11           15           13           12           14      
20           6            24           0               1               0                   9            13           13           11           14           13           12           15      
21           6            25           0               1               0                   9            13           13           11           14           13           12           15      
22           6            25           0               1               0                   9            14           12           11           13           13           13           15      
23           6            26           0               1               0                   9            14           12           11           13           13           13           15      
24           6            26           0               1               0                   8            14           11           11           12           13           14           15      
25           6            27           0               1               0                   8            14           11           11           12           13           14           15      
26           6            27           -1              0               0                   8            14           11           11           12           13           14           15      
27           6            27           -1              0               0                   7            14           10           11           12           14           15           15      
28           5            27           -1              0               0                   7            14           10           11           12           14           15           15      
29           5            27           -1              0               0                   6            14           9            11           12           15           16           15      
30           4            27           -1              0               0                   6            14           9            11           12           15           16           15      
31           4            27           -1              0               0                   6            15           9            12           13           15           17           15      
32           3            27           -1              0               0                   6            15           9            12           13           15           17           15      
33           3            27           0               -1              0                   6            15           9            12           13           15           17           15      
34           3            27           0               -1              0                   6            16           9            13           14           15           17           14      
35           3            26           0               -1              0                   6            16           9            13           14           15           17           14      
36           3            26           0               -1              0                   6            17           9            14           15           15           17           13      
37           3            25           0               -1              0                   6            17           9            14           15           15           17           13      
38           3            25           0               -1              0                   6            18           9            15           16           15           16           13      
39           3            24           0               -1              0                   6            18           9            15           16           15           16           13      
40           3            24           -1              0               0                   6            18           9            15           16           15           16           13      
41           3            24           -1              0               0                   6            19           9            16           17           15           15           13      
42           2            24           -1              0               0                   6            19           9            16           17           15           15           13      
43           2            24           -1              0               0                   6            20           9            17           17           14           14           13      
44           1            24           -1              0               1                   6            20           9            17           17           14           14           13      
45           1            24           0               -1              1                   6            20           9            17           17           14           14           13      
46           1            23           0               -1              1                   6            20           9            17           17           14           14           13      
47           1            22           0               -1              1                   6            20           9            17           17           14           14           13      
48           1            22           0               -1              1                   6            21           9            18           17           13           13           13      
49           1            21           0               -1              1                   6            21           9            18           17           13           13           13      
50           1            21           1               0               1                   6            21           9            18           17           13           13           13      
51           2            21           1               0               1                   6            21           9            18           17           13           13           13      
52           3            21           1               0               1                   6            21           9            18           17           13           13           13      
53           3            21           1               0               1                   7            21           10           18           16           13           12           13      
54           4            21           1               0               1                   7            21           10           18           16           13           12           13      
55           5            21           1               0               1                   7            21           10           18           16           13           12           13      
56           6            21           1               0               1                   7            21           10           18           16           13           12           13      
57           6            21           1               0               1                   15           14           11           18           15           13           12           14      
58           7            21           1               0               1                   15           14           11           18           15           13           12           14      
59           7            21           1               0               1                   15           13           11           18           15           13           12           14      
60           8            21           1               0               1                   15           13           11           18           15           13           12           14      
61           8            21           1               0               1                   14           13           11           18           15           13           12           14      
62           9            21           1               0               1                   14           13           11           18           15           13           12           14      
63           9            21           1               0               1                   13           13           12           18           14           12           12           15      
64           10           21           1               0               1                   13           13           12           18           14           12           12           15      
65           10           21           1               0               1                   12           13           12           18           14           12           12           15      
66           11           21           1               0               1                   12           13           12           18           14           12           12           15      
67           11           21           1               0               1                   12           14           12           18           14           12           12           15      
68           12           21           1               0               1                   12           14           12           18           14           12           12           15      
69           12           21           1               0               1                   12           14           13           18           14           11           13           15      
70           12           21           1               0               1                   12           15           13           18           14           11           13           15      
71           13           21           1               0               1                   12           15           13           18           14           11           13           15      
72           13           21           0               1               1                   12           15           13           18           14           11           13           15      
73           13           21           0               1               1                   13           15           13           18           14           11           13           15      
74           13           22           0               1               1                   13           15           13           18           14           11           13           15      
75           13           22           0               1               1                   14           15           13           18           14           11           13           15      
76           13           23           0               1               1                   14           15           14           18           15           11           14           15      
77           13           23           0               1               1                   15           15           14           18           15           11           14           15      
78           13           24           0               1               1                   15           15           14           18           15           11           14           15      
79           13           24           1               0               1                   15           15           14           18           15           11           14           15      
80           13           24           1               0               1                   16           15           14           18           15           11           14           15      
81           14           24           1               0               1                   16           15           14           18           15           11           14           15      
82           14           24           1               0               1                   17           15           14           18           15           11           14           15      
83           15           24           1               0               1                   17           15           15           18           16           11           15           15      
84           15           24           1               0               1                   17           14           15           18           16           11           15           15      
85           16           24           1               0               1                   17           14           15           18           16           11           15           15      
86           16           24           0               -1              1                   17           14           15           18           16           11           15           15      
87           16           24           0               -1              1                   17           13           15           18           16           11           15           15      
88           16           23           0               -1              1                   17           13           15           18           16           11           15           15      
89           16           23           0               -1              1                   16           13           15           18           16           11           15           15      
90           16           23           0               -1              1                   16           13           16           18           17           11           16           15      
91           16           22           0               -1              1                   16           13           16           18           17           11           16           15      
92           16           22           0               -1              1                   15           13           16           18           17           11           16           15      
93           16           21           0               -1              1                   15           13           16           18           17           11           16           15      
94           16           21           1               0               1                   15           13           16           18           17           11           16           15      
95           16           21           1               0               1                   14           12           16           18           17           11           16           15      
96           17           21           1               0               1                   14           12           16           18           17           11           16           15      
97           17           21           1               0               1                   14           11           16           18           17           11           16           15      
98           17           21           1               0               1                   14           11           17           18           18           11           17           15      
99           18           21           1               0               1                   14           11           17           18           18           11           17           15      
100          18           21           1               0               1                   15           11           17           18           18           11           17           15      
101          19           21           1               0               1                   15           11           17           18           18           11           17           15      
102          19           21           1               0               1                   16           11           17           18           18           11           17           15      
103          20           21           1               0               1                   16           11           17           18           18           11           17           15      
104          20           21           1               0               1                   17           11           18           18           19           11           17           14      
105          21           21           1               0               1                   17           11           18           18           19           11           17           14      
106          21           21           1               0               1                   18           11           18           18           19           11           17           14      
107          22           21           1               0               1                   18           11           18           18           19           11           17           14      
108          22           21           1               0               1                   19           11           18           18           19           11           17           14      
109          23           21           1               0               1                   19           11           18           18           19           11           17           14      
110          23           21           0               -1              1                   19           11           18           18           19           11           17           14      
111          23           21           0               -1              1                   20           11           19           18           20           11           17           13      
112          23           20           0               -1              1                   20           11           19           18           20           11           17           13      
113          23           20           0               -1              1                   20           12           19           18           20           11           17           13      
114          23           19           0               -1              1                   20           12           19           18           20           11           17           13      
115          23           19           0               -1              1                   20           13           19           18           20           11           17           13      
116          23           18           0               -1              1                   20           13           19           18           20           11           17           13      
117          23           18           0               -1              1                   20           13           20           18           20           12           16           13      
118          23           18           0               -1              1                   20           14           20           18           20           12           16           13      
119          23           17           0               -1              1                   20           14           20           18           20           12           16           13      
120          23           17           0               -1              1                   20           15           20           18           20           12           16           13      
121          23           16           0               -1              1                   20           15           20           18           20           12           16           13      
122          23           16           0               -1              1                   20           16           20           18           20           12           16           13      
123          23           15           0               -1              1                   20           16           20           17           20           13           15           13      
124          23           15           0               -1              1                   20           17           20           17           20           13           15           13      
125          23           14           0               -1              1                   20           17           20           17           20           13           15           13      
126          23           14           0               -1              1                   20           18           20           17           20           13           15           13      
127          23           13           0               -1              1                   20           18           20           17           20           13           15           13      
128          23           13           0               -1              1                   19           18           20           17           20           13           15           13      
129          23           12           0               -1              1                   19           18           20           16           20           14           14           12      
130          23           12           0               -1              1                   18           18           20           16           20           14           14           12      
131          23           11           0               -1              1                   18           18           20           16           20           14           14           12      
132          23           11           0               -1              1                   17           18           20           16           20           14           14           12      
133          23           10           0               -1              1                   17           18           20           16           20           14           14           12      
134          23           10           0               -1              1                   16           18           20           16           20           14           14           12      
135          23           10           0               -1              1                   16           18           20           15           21           14           14           11      
136          23           9            0               -1              1                   16           18           20           15           21           14           14           11      
137          23           9            0               -1              1                   15           18           20           15           21           14           14           11      
138          23           8            0               -1              1                   15           18           20           15           21           14           14           11      
139          23           8            0               -1              1                   14           18           20           15           21           14           14           11      
140          23           7            0               -1              1                   14           18           20           15           21           14           14           11      
141          23           7            0               -1              1                   13           18           20           15           21           14           14           11      
142          23           7            0               -1              1                   13           18           20           14           22           14           13           11      
143          23           6            0               -1              1                   13           18           20           14           22           14           13           11      
144          23           6            0               -1              1                   12           18           20           14           22           14           13           11      
145          23           5            0               -1              1                   12           18           20           14           22           14           13           11      
146          23           5            0               -1              1                   11           18           20           14           22           14           13           11      
147          23           4            0               -1              1                   11           18           20           14           22           14           13           11      
148          23           4            0               -1              1                   10           18           21           14           23           14           12           11      
149          23           3            0               -1              1                   10           18           21           14           23           14           12           11      
150          23           3            0               -1              1                   9            18           21           14           23           14           12           11      
151          23           2            0               -1              1                   9            18           21           14           23           14           12           11      
152          23           2            0               -1              1                   9            17           21           14           23           14           12           11      
153          23           1            0               -1              1                   9            17           21           14           23           14           12           11      
154          23           1            0               -1              1                   9            16           22           14           24           14           11           11      
155          23           1            -1              0               1                   9            16           22           14           24           14           11           11      
156          22           1            -1              0               1                   9            15           22           14           24           14           11           11      
157          21           1            -1              0               1                   9            14           22           14           24           14           11           11      
158          21           1            -1              0               1                   9            14           23           14           25           14           10           11      
159          20           1            -1              0               1                   9            13           23           14           25           14           10           11      
160          19           1            -1              0               1                   9            12           23           14           25           14           10           11      
161          18           1            -1              0               1                   9            11           23           14           25           14           10           11      
162          18           1            -1              0               1                   9            11           24           14           26           14           9            11      
163          17           1            -1              0               1                   10           11           24           14           26           14           9            11      
164          17           1            -1              0               0                   10           11           24           14           26           14           9            11      
165          16           1            -1              0               0                   11           11           25           14           27           14           9            12      
166          16           1            0               1               0                   11           11           25           14           27           14           9            12      
167          16           2            0               1               0                   12           11           26           14           28           14           9            13      
168          16           3            0               1               0                   13           11           27           14           29           14           9            14      
169          16           4            0               1               0                   13           10           28           14           0            14           8            14      
170          16           5            0               1               0                   13           9            29           14           1            14           7            14      
171          16           5            -1              0               0                   13           9            29           14           1            14           7            14      
172          15           5            -1              0               0                   13           8            0            14           2            14           6            14      
173          14           5            -1              0               0                   12           8            1            14           3            14           6            13      
174          13           5            -1              0               0                   11           8            2            14           4            14           6            12      
175          13           5            0               -1              0                   11           8            2            14           4            14           6            12      
176          13           4            0               -1              0                   10           8            3            14           5            14           6            11      
177          13           3            0               -1              0                   9            8            4            14           6            14           6            10      
178          13           2            0               -1              0                   9            7            5            14           6            15           6            9       
179          13           1            0               -1              0                   9            6            6            14           6            16           6            8       
180          13           1            -1              0               0                   9            6            6            14           6            16           6            8       
181          12           1            -1              0               0                   9            5            7            14           6            17           6            7       
182          11           1            -1              0               0                   10           5            8            14           6            18           6            6       
183          10           1            -1              0               0                   11           5            9            14           6            19           6            5       
184          9            1            -1              0               0                   12           5            9            13           6            20           7            5       
185          8            1            -1              0               0                   13           5            9            12           6            21           8            5       
186          7            1            -1              0               0                   13           4            9            11           7            21           9            5       
187          6            1            -1              0               0                   13           3            10           11           8            21           9            6       
188          5            1            -1              0               0                   13           2            11           11           9            21           9            7       
189          4            1            -1              0               0                   13           1            12           11           10           21           9            8       
190          3            1            -1              0               0                   12           1            13           11           11           21           10           8       
191          2            1            -1              0               0                   11           1            13           10           12           21           11           8       
192          1            1            -1              0               0                   10           1            13           9            13           21           12           8       
193          1            1            0               1               0                   10           1            13           9            13           21           12           8       
194          1            2            0               1               0                   9            1            13           8            13           22           13           8       
195          1            3            0               1               1                   9            1            13           8            13           22           13           8       
196          1            3            0               1               1                   8            1            12           8            13           23           13           9       
197          1            4            0               1               1                   8            1            12           8            13           23           13           9       
198          1            5            0               1               1                   8            1            12           8            13           23           13           9       
199          1            6            0               1               1                   8            1            12           8            13           23           13           9       
200          1            6            0               1               1                   7            1            11           8            13           24           13           10      
201          1            7            0               1               1                   7            1            11           8            13           24           13           10      
202          1            8            0               1               1                   7            1            11           8            13           24           13           10      
203          1            8            1               0               1                   7            1            11           8            13           24           13           10      
204          2            8            1               0               1                   7            1            11           8            13           24           13           10      
205          2            8            1               0               1                   6            1            10           8            14           24           13           11      
206          3            8            1               0               1                   6            1            10           8            14           24           13           11      
207          4            8            1               0               1                   6            1            10           8            14           24           13           11      
208          5            8            1               0               1                   6            1            10           8            14           24           13           11      
209          5            8            1               0               1                   6            2            9            8            15           24           14           11      
210          6            8            1               0               1                   6            2            9            8            15           24           14           11      
211          6            8            0               -1              1                   6            2            9            8            15           24           14           11      
212          6            7            0               -1              1                   6            2            9            8            15           24           14           11      
213          6            6            0               -1              1                   6            3            9            7            16           24           15           11      
214          6            5            0               -1              1                   6            3            9            7            16           24           15           11      
215          6            5            0               -1              1                   15           14           9            7            16           24           15           11      
216          6            4            0               -1              1                   15           14           9            7            16           24           15           11      
217          6            4            0               -1              1                   15           13           9            7            16           24           15           11      
218          6            3            0               -1              1                   15           13           9            6            17           24           16           11      
219          6            3            0               1               1                   15           13           9            6            17           24           16           11      
220          6            3            0               1               1                   14           13           9            6            17           24           16           11      
221          6            4            0               1               1                   14           13           9            6            17           24           16           11      
222          6            4            0               1               1                   13           13           9            6            17           24           16           11      
223          6            5            0               1               1                   13           13           9            6            17           24           16           11      
224          6            5            0               1               1                   12           13           9            6            17           24           16           11      
225          6            5            0               1               1                   12           13           9            5            18           24           17           11      
226          6            6            0               1               1                   12           13           9            5            18           24           17           11      
227          6            6            0               1               1                   12           14           9            5            18           24           17           11      
228          6            7            0               1               1                   12           14           9            5            18           24           17           11      
229          6            7            0               1               1                   12           15           9            5            18           24           17           11      
230          6            8            0               1               1                   12           15           9            5            18           24           17           11      
231          6            8            0               -1              1                   12           15           9            5            18           24           17           11      
232          6            8            0               -1              1                   13           15           9            5            18           24           17           11      
233          6            8            0               -1              1                   13           15           10           5            19           24           18           11      
234          6            7            0               -1              1                   13           15           10           5            19           24           18           11      
235          6            7            0               -1              1                   14           15           10           5            19           24           18           11      
236          6            6            0               -1              1                   14           15           10           5            19           24           18           11      
237          6            6            0               -1              1                   15           15           10           5            19           24           18           11      
238          6            5            0               -1              1                   15           15           10           5            19           24           18           11      
239          6            5            0               -1              1                   16           15           11           5            20           24           19           11      
240          6            4            0               -1              1                   16           15           11           5            20           24           19           11      
241          6            4            0               -1              1                   17           15           11           5            20           24           19           11      
242          6            3            0               -1              1                   17           15           11           5            20           24           19           11      
243          6            3            0               -1              1                   17           14           11           5            20           24           19           11      
244          6            2            0               -1              1                   17           14           11           5            20           24           19           11      
245          6            2            0               -1              1                   17           14           12           5            20           25           20           11      
246          6            2            0               -1              1                   17           13           12           5            20           25           20           11      
247          6            1            0               -1              1                   17           13           12           5            20           25           20           11      
248          6            1            0               1               1                   17           13           12           5            20           25           20           11      
249          6            1            0               1               1                   16           13           12           5            20           25           20           11      
250          6            2            0               1               1                   16           13           12           5            20           25           20           11      
251          6            2            0               1               1                   15           13           12           5            20           25           20           11      
252          6            3            0               1               1                   15           13           12           5            20           25           20           11      
253          6            3            0               1               1                   15           13           13           5            20           26           20           12      
254          6            3            0               1               1                   14           12           13           5            20           26           20           12      
255          6            4            0               1               1                   14           12           13           5            20           26           20           12      
256          6            4            0               1               1                   14           11           13           5            20           26           20           12      
257          6            5            0               1               1                   14           11           13           5            20           26           20           12      
258          6            5            -1              0               1                   14           11           13           5            20           26           20           12      
259          6            5            -1              0               1                   13           11           13           5            20           26           20           12      
260          5            5            -1              0               1                   13           11           14           5            20           27           20           13      
261          5            5            -1              0               1                   12           11           14           5            20           27           20           13      
262          4            5            -1              0               1                   12           11           14           5            20           27           20           13      
263          4            5            -1              0               1                   11           11           14           5            20           27           20           13      
264          3            5            -1              0               1                   11           11           14           5            20           27           20           13      
265          3            5            -1              0               1                   10           11           14           5            20           27           20           13      
266          2            5            -1              0               1                   10           11           15           5            19           27           20           14      
267          2            5            1               0               1                   10           11           15           5            19           27           20           14      
268          2            5            1               0               1                   9            11           15           5            19           27           20           14      
269          3            5            1               0               1                   9            11           15           5            19           27           20           14      
270          3            5            1               0               1                   9            12           15           5            19           27           20           14      
271          4            5            1               0               1                   9            12           15           5            19           27           20           14      
272          4            5            1               0               1                   9            13           15           5            19           27           20           14      
273          4            5            1               0               1                   9            13           16           5            18           27           20           15      
274          5            5            1               0               1                   9            13           16           5            18           27           20           15      
275          5            5            1               0               1                   9            14           16           5            18           27           20           15      
276          6            5            1               0               1                   9            14           16           5            18           27           20           15      
277          6            5            1               0               1                   8            14           16           5            18           27           20           15      
278          7            5            1               0               1                   8            14           16           5            18           27           20           15      
279          7            5            1               0               1                   7            14           16           5            18           27           20           15      
280          7            5            1               0               1                   7            14           17           5            17           27           20           16      
281          8            5            1               0               1                   7            14           17           5            17           27           20           16      
282          8            5            1               0               1                   6            14           17           5            17           27           20           16      
283          9            5            1               0               1                   6            14           17           5            17           27           20           16      
284          9            5            1               0               1                   5            14           17           5            17           27           20           16      
285          10           5            1               0               1                   5            14           17           5            17           27           20           16      
286          10           5            1               0               1                   4            14           18           5            16           27           20           17      
287          11           5            1               0               1                   4            14           18           5            16           27           20           17      
288          11           5            1               0               1                   3            14           18           5            16           27           20           17      
289          12           5            1               0               1                   3            14           18           5            16           27           20           17      
290          12           5            -1              0               1                   3            14           18           5            16           27           20           17      
291          12           5            -1              0               1                   2            14           18           5            16           27           20           17      
292          11           5            -1              0               1                   2            14           18           5            16           27           20           17      
293          11           5            -1              0               1                   2            14           19           5            16           28           20           18      
294          11           5            -1              0               1                   1            14           19           5            16           28           20           18      
295          10           5            -1              0               1                   1            14           19           5            16           28           20           18      
296          10           5            -1              0               1                   0            14           19           5            16           28           20           18      
297          9            5            -1              0               1                   0            14           19           5            16           28           20           18      
298          9            5            0               1               1                   0            14           19           5            16           28           20           18      
299          9            5            0               1               1                   29           14           19           5            16           28           20           18      
300          9            6            0               1               1                   29           14           19           5            16           28           20           18      
301          9            6            0               1               1                   29           14           20           5            16           29           20           19      
302          9            6            0               1               1                   28           14           20           5            16           29           20           19      
303          9            7            0               1               1                   28           14           20           5            16           29           20           19      
304          9            7            0               1               1                   27           14           20           5            16           29           20           19      
305          9            8            0               1               1                   27           14           20           5            16           29           20           19      
306          9            8            1               0               1                   27           14           20           5            16           29           20           19      
307          9            8            1               0               1                   26           14           20           5            16           29           20           19      
308          10           8            1               0               1                   26           14           21           5            16           30           20           20      
309          10           8            1               0               1                   25           14           21           5            16           30           20           20      
310          11           8            1               0               1                   25           14           21           5            16           30           20           20      
311          11           8            1               0               1                   24           14           21           5            16           30           20           20      
312          12           8            1               0               1                   24           14           21           5            16           30           20           20      
313          12           8            1               0               1                   23           14           21           5            16           30           20           20      
314          13           8            1               0               1                   23           14           22           5            17           30           20           21      
315          13           8            0               1               1                   23           14           22           5            17           30           20           21      
316          13           8            0               1               1                   23           13           22           5            17           30           20           21      
317          13           9            0               1               1                   23           13           22           5            17           30           20           21      
318          13           9            0               1               1                   23           12           22           5            17           30           20           21      
319          13           10           0               1               1                   23           12           22           5            17           30           20           21      
320          13           10           0               1               1                   23           11           22           5            17           30           20           21      
321          13           10           0               1               0                   23           11           23           5            18           30           21           21      
322          13           11           0               1               0                   23           11           23           5            18           30           21           21      
323          13           11           -1              0               0                   23           11           23           5            18           30           21           21      
324          13           11           -1              0               0                   23           10           23           5            18           30           21           21      
325          13           11           -1              0               0                   23           10           23           4            19           30           22           21      
326          12           11           -1              0               0                   23           10           23           4            19           30           22           21      
327          12           11           -1              0               0                   23           9            23           4            19           30           22           21      
328          12           11           -1              0               0                   23           9            23           3            20           30           23           21      
329          11           11           -1              0               0                   23           9            23           3            20           30           23           21      
330          11           11           -1              0               0                   23           8            23           3            20           30           23           21      
331          11           11           -1              0               0                   23           8            23           2            21           30           23           20      
332          10           11           -1              0               0                   23           8            23           2            21           30           23           20      
333          10           11           -1              0               0                   24           8            23           2            21           30           23           20      
334          10           11           -1              0               0                   24           8            23           1            22           30           23           19      
335          9            11           -1              0               0                   24           8            23           1            22           30           23           19      
336          9            11           -1              0               0                   25           8            23           1            22           30           23           19      
337          9            11           -1              0               0                   25           8            22           1            23           30           23           18      
338          9            11           0               1               0                   26           8            22           1            23           30           23           18      
339          9            11           0               1               0                   26           8            21           1            24           30           23           17      
340          9            12           0               1               0                   26           8            21           1            24           30           23           17      
341          9            12           0               1               0                   27           8            21           1            24           30           23           17      
342          9            12           0               1               0                   27           8            20           1            25           30           23           16      
343          9            13           0               1               0                   27           8            20           1            25           30           23           16      
344          9            13           0               1               0                   28           8            20           1            25           30           23           16      
345          9            13           0               1               0                   28           8            19           1            26           30           23           15      
346          9            14           0               1               0                   28           8            19           1            26           30           23           15      
347          9            14           -1              0               0                   28           7            19           1            26           30           23           15      
348          9            14           -1              0               0                   28           7            18           1            27           30           23           14      
349          8            14           -1              0               0                   28           7            18           1            27           30           23           14      
350          8            14           -1              0               0                   28           6            18           1            27           30           23           14      
351          8            14           -1              0               0                   28           6            17           1            28           30           22           14      
352          7            14           -1              0               0                   28           6            17           1            28           30           22           14      
353          7            14           -1              0               0                   28           5            17           1            28           30           22           14      
354          7            14           -1              0               0                   28           5            16           1            28           29           21           14      
355          6            14           -1              0               0                   28           5            16           1            28           29           21           14      
356          6            14           0               -1              0                   27           5            16           1            28           29           21           14      
357          6            14           0               -1              0                   27           5            16           2            28           28           20           14      
358          6            13           0               -1              0                   27           5            16           2            28           28           20           14      
359          6            13           0               -1              0                   26           5            16           2            28           28           20           14      
360          6            13           0               -1              0                   26           5            16           3            28           27           20           13      
361          6            12           0               -1              0                   26           5            16           3            28           27           20           13      
362          6            12           0               -1              0                   25           5            16           3            28           27           20           13      
363          6            12           0               -1              0                   25           5            16           4            27           27           20           12      
364          6            11           0               -1              0                   25           5            16           4            27           27           20           12      
365          6            11           0               -1              0                   24           5            16           4            27           27           20           12      
366          6            11           0               -1              0                   24           5            16           5            26           27           20           11      
367          6            10           0               -1              0                   24           5            16           5            26           27           20           11      
368          6            10           0               -1              0                   23           5            16           5            26           27           20           11      
369          6            10           0               -1              0                   23           5            15           5            26           26           19           11      
370          6            9            0               -1              0                   23           5            15           5            26           26           19           11      
371          6            9            0               1               0                   23           6            15           5            26           26           19           11      
372          6            9            0               1               0                   23           6            14           5            26           25           18           11      
373          6            10           0               1               0                   23           6            14           5            26           25           18           11      
374          6            10           0               1               0                   23           7            14           5            26           25           18           11      
375          6            10           0               1               0                   23           7            13           5            26           24           17           11      
376          6            11           0               1               0                   23           7            13           5            26           24           17           11      
377          6            11           0               1               0                   23           8            13           5            26           24           17           11      
378          6            11           0               1               0                   23           8            12           5            27           24           16           11      
379          6            12           0               1               0                   23           8            12           5            27           24           16           11      
380          6            12           0               1               0                   23           9            12           5            27           24           16           11      
381          6            12           0               1               0                   23           9            11           5            28           24           15           11      
382          6            13           0               1               0                   23           9            11           5            28           24           15           11      
383          6            13           0               1               0                   23           10           11           5            28           24           15           11      
384          6            13           0               1               0                   23           10           10           5            28           23           14           11      
385          6            14           0               1               0                   23           10           10           5            28           23           14           11      
386          6            14           0               1               0                   23           11           10           5            28           23           14           11      
387          6            14           0               1               0                   23           11           9            5            28           22           13           11      
388          6            15           0               1               0                   23           11           9            5            28           22           13           11      
389          6            15           0               1               0                   23           12           9            5            28           22           13           11      
390          6            15           0               1               0                   23           12           9            6            28           21           12           11      
391          6            16           0               1               0                   23           12           9            6            28           21           12           11      
392          6            16           0               1               0                   23           13           9            6            28           21           12           11      
393          6            16           0               1               0                   23           13           9            7            27           21           11           11      
394          6            17           0               1               0                   23           13           9            7            27           21           11           11      
395          6            17           0               1               0                   23           14           9            7            27           21           11           11      
396          6            17           0               1               0                   23           14           9            8            26           21           10           11      
397          6            18           0               1               0                   23           14           9            8            26           21           10           11      
398          6            18           0               1               0                   22           14           9            8            26           21           10           11      
399          6            18           0               1               0                   22           14           10           8            25           21           9            11      
400          6            19           0               1               0                   22           14           10           8            25           21           9            11      
401          6            19           0               1               0                   21           14           10           8            25           21           9            11      
402          6            19           0               1               0                   21           14           11           8            24           21           9            12      
403          6            20           0               1               0                   21           14           11           8            24           21           9            12      
404          6            20           0               1               0                   20           14           11           8            24           21           9            12      
405          6            20           0               1               0                   20           14           12           8            23           21           9            13      
406          6            21           0               1               0                   20           14           12           8            23           21           9            13      
407          6            21           0               1               0                   20           15           12           8            23           21           9            13      
408          6            21           0               1               0                   20           15           13           8            22           21           9            14      
409          6            22           0               1               0                   20           15           13           8            22           21           9            14      
410          6            22           0               1               0                   20           16           13           8            22           21           9            14      
411          6            22           0               1               0                   20           16           13           9            21           21           8            14      
412          6            23           0               1               0                   20           16           13           9            21           21           8            14      
413          6            23           0               1               0                   20           17           13           9            21           21           8            14      
414          6            23           0               1               0                   20           17           13           10           20           21           7            14      
415          6            24           0               1               0                   20           17           13           10           20           21           7            14      
416          6            24           0               1               0                   20           18           13           10           20           21           7            14      
417          6            24           0               1               0                   20           18           13           11           19           21           6            14      
418          6            25           0               1               0                   20           18           13           11           19           21           6            14      
419          6            25           0               1               0                   20           19           13           11           19           21           6            14      
420          6            25           0               1               0                   20           19           12           11           18           21           5            14      
421          6            26           0               1               0                   20           19           12           11           18           21           5            14      
422          6            26           0               1               0                   20           20           12           11           18           21           5            14      
423          6            26           0               1               0                   20           20           11           11           17           21           4            14      
424          6            27           0               1               0                   20           20           11           11           17           21           4            14      
425          6            27           -1              0               0                   20           21           11           11           17           21           4            14      
426          6            27           -1              0               0                   20           21           10           11           16           21           3            14      
427          5            27           -1              0               0                   20           21           10           11           16           21           3            14      
428          5            27           -1              0               0                   19           21           10           11           16           21           3            14      
429          5            27           -1              0               0                   19           21           9            11           16           22           2            14      
430          4            27           -1              0               0                   19           21           9            11           16           22           2            14      
431          4            27           -1              0               0                   18           21           9            11           16           22           2            14      
432          4            27           -1              0               0                   18           21           9            12           16           23           1            14      
433          3            27           -1              0               0                   18           21           9            12           16           23           1            14      
434          3            27           -1              0               0                   17           21           9            12           16           23           1            14      
435          3            27           -1              0               0                   17           21           9            13           16           24           0            14      
436          2            27           -1              0               0                   17           21           9            13           16           24           0            14      
437          2            27           -1              0               0                   16           21           9            13           16           24           0            14      
438          2            27           -1              0               0                   16           21           9            14           15           24           29           14      
439          1            27           -1              0               0                   16           21           9            14           15           24           29           14      
440          1            27           0               1               0                   16           22           9            14           15           24           29           14      
441          1            27           0               1               0                   16           22           8            14           14           24           28           14      
442          1            28           0               1               0                   16           22           8            14           14           24           28           14      
443          1            28           0               1               0                   16           23           8            14           14           24           28           14      
444          1            28           0               1               0                   16           23           7            14           13           24           27           14      
445          1            29           0               1               0                   16           23           7            14           13           24           27           14      
446          1            29           0               1               0                   16           24           7            14           13           24           27           14      
447          1            29           0               1               0                   16           24           6            14           12           24           26           14      
448          1            30           0               1               0                   16           24           6            14           12           24           26           14      
449          1            30           1               0               0                   15           24           6            14           12           24           26           14      
450          1            30           1               0               0                   15           24           6            15           11           24           25           14      
451          2            30           1               0               0                   15           24           6            15           11           24           25           14      
452          2            30           1               0               0                   14           24           6            15           11           24           25           14      
453          2            30           1               0               0                   14           24           6            16           10           24           24           14      
454          3            30           1               0               0                   14           24           6            16           10           24           24           14      
455          3            30           1               0               0                   13           24           6            16           10           24           24           14      
456          3            30           1               0               0                   13           24           6            17           9            24           23           14      
457          4            30           1               0               0                   13           24           6            17           9            24           23           14      
458          4            30           1               0               0                   12           24           6            17           9            24           23           14      
459          4            30           1               0               0                   12           24           6            18           9            25           23           15      
460          5            30           1               0               0                   12           24           6            18           9            25           23           15      
461          5            30           1               0               0                   11           24           6            18           9            25           23           15      
462          5            30           1               0               0                   11           24           6            19           9            26           23           16      
463          6            30           1               0               0                   11           24           6            19           9            26           23           16      
464          6            30           1               0               0                   10           24           6            19           9            26           23           16      
465          6            30           1               0               0                   10           24           6            20           9            27           23           17      
466          7            30           1               0               0                   10           24           6            20           9            27           23           17      
467          7            30           1               0               0                   9            24           6            20           9            27           23           17      
468          7            30           1               0               0                   9            24           6            21           10           27           23           18      
469          8            30           1               0               0                   9            24           6            21           10           27           23           18      
470          8            30           1               0               0                   9            25           6            21           10           27           23           18      
471          8            30           1               0               0                   9            25           7            21           11           27           23           19      
472          9            30           1               0               0                   9            25           7            21           11           27           23           19      
473          9            30           1               0               0                   9            26           7            21           11           27           23           19      
474          9            30           1               0               0                   9            26           8            21           12           27           23           20      
475          10           30           1               0               0                   9            26           8            21           12           27           23           20      
476          10           30           1               0               0                   9            27           8            21           12           27           23           20      
477          10           30           1               0               0                   9            27           9            21           13           27           23           21      
478          11           30           1               0               0                   9            27           9            21           13           27           23           21      
479          11           30           1               0               0                   10           27           9            21           13           27           23           21      
480          11           30           1               0               0                   10           27           10           21           13           28           22           21      
481          12           30           1               0               0                   10           27           10           21           13           28           22           21      
482          12           30           1               0               0                   11           27           10           21           13           28           22           21      
