timestep     pacman_x     pacman_y     pacman_xdir     pacman_ydir     eat_mode_active     ghost1_x     ghost1_y     ghost2_x     ghost2_y     ghost3_x     ghost3_y     ghost4_x     ghost4_y
0            15           24           -1              0               0                   15           14           14           15           12           15           16           15      
1            15           24           -1              0               0                   15           13           15           15           13           15           17           15      
2            14           24           -1              0               0                   15           13           15           15           13           15           17           15      
3            13           24           -1              0               0                   14           12           16           15           14           15           17           14      
4            13           24           -1              0               0                   14           12           17           15           15           15           17           13      
5            12           24           -1              0               0                   14           11           17           15           15           15           17           13      
6            12           24           -1              0               0                   14           11           17           14           16           15           16           13      
7            11           24           -1              0               0                   15           11           17           14           16           15           16           13      
8            11           24           -1              0               0                   15           11           17           13           17           15           15           13      
9            10           24           -1              0               0                   16           11           17           13           17           15           15           13      
10           9            24           -1              0               0                   16           10           16           13           17           14           14           13      
11           9            24           -1              0               0                   16           10           15           13           17           13           13           13      
12           8            24           -1              0               0                   16           9            15           13           17           13           13           13      
13           8            24           -1              0               0                   16           9            14           12           16           13           12           13      
14           7            24           -1              0               0                   16           8            14           12           16           13           12           13      
15           7            24           -1              0               0                   16           8            14           11           15           13           12           14      
16           6            24           -1              0               0                   16           8            14           11           15           13           12           14      
17           6            24           0               -1              0                   17           8            14           11           15           13           12           14      
18           6            23           0               -1              0                   18           8            15           11           14           13           12           15      
19           6            23           0               -1              0                   18           8            16           11           13           13           13           15      
20           6            22           0               -1              0                   19           8            16           11           13           13           13           15      
21           6            22           0               -1              0                   19           8            16           10           12           13           14           15      
22           6            21           0               -1              0                   20           8            16           10           12           13           14           15      
23           6            21           0               -1              0                   20           8            16           9            12           14           15           15      
24           6            20           0               -1              0                   20           7            16           9            12           14           15           15      
25           6            20           0               -1              0                   20           7            16           8            12           15           16           15      
26           6            19           0               -1              0                   20           6            16           8            12           15           16           15      
27           6            18           0               -1              0                   20           5            17           8            13           15           17           15      
28           6            18           0               -1              0                   20           5            18           8            14           15           17           14      
29           6            17           0               -1              0                   20           5            18           8            14           15           17           14      
30           6            17           0               -1              0                   19           5            18           8            14           15           17           14      
31           6            17           0               -1              0                   19           5            19           8            15           15           17           13      
32           6            16           0               -1              0                   18           5            19           8            15           15           17           13      
33           6            16           0               -1              0                   18           5            20           8            16           15           16           13      
34           6            15           0               -1              0                   17           5            20           8            16           15           16           13      
35           6            15           0               -1              0                   17           5            20           7            17           15           15           13      
36           6            14           0               -1              0                   17           5            20           7            17           15           15           13      
37           6            14           -1              0               0                   16           5            20           7            17           15           15           13      
38           6            14           -1              0               0                   16           5            20           6            17           14           14           13      
39           5            14           -1              0               0                   15           5            20           6            17           14           14           13      
40           5            14           -1              0               0                   15           5            20           5            17           13           13           13      
41           4            14           -1              0               0                   14           5            20           5            17           13           13           13      
42           4            14           -1              0               0                   14           5            19           5            16           13           12           13      
43           3            14           -1              0               0                   13           5            19           5            16           13           12           13      
44           3            14           -1              0               0                   13           5            18           5            15           13           12           14      
45           2            14           -1              0               0                   12           5            18           5            15           13           12           14      
46           2            14           -1              0               0                   12           5            17           5            14           12           12           15      
47           1            14           -1              0               0                   12           5            17           5            14           12           12           15      
48           1            14           -1              0               0                   11           5            17           5            14           12           12           15      
49           1            14           -1              0               0                   11           5            16           5            14           11           13           15      
50           0            14           -1              0               0                   11           5            16           5            14           11           13           15      
51           0            14           -1              0               0                   10           5            16           5            14           11           13           15      
52           0            14           -1              0               0                   10           5            15           5            13           11           14           15      
53           29           14           -1              0               0                   10           5            15           5            13           11           14           15      
54           29           14           -1              0               0                   9            5            15           5            13           11           14           15      
55           29           14           -1              0               0                   9            5            14           5            12           11           15           15      
56           28           14           -1              0               0                   9            5            14           5            12           11           15           15      
57           28           14           -1              0               0                   9            6            14           5            12           11           15           15      
58           28           14           -1              0               0                   9            6            13           5            11           11           16           15      
59           27           14           -1              0               0                   9            6            13           5            11           11           16           15      
60           27           14           -1              0               0                   9            7            13           5            11           11           16           15      
61           27           14           -1              0               0                   9            7            12           5            10           11           17           15      
62           26           14           -1              0               0                   9            7            12           5            10           11           17           15      
63           26           14           -1              0               0                   9            8            12           5            10           11           17           15      
64           26           14           -1              0               0                   9            8            11           5            9            11           17           14      
65           25           14           -1              0               0                   9            8            11           5            9            11           17           14      
66           25           14           -1              0               0                   10           8            11           5            9            11           17           14      
67           25           14           -1              0               0                   10           8            10           5            9            12           17           13      
68           24           14           -1              0               0                   10           8            10           5            9            12           17           13      
69           24           14           -1              0               0                   11           8            10           5            9            12           17           13      
70           24           14           -1              0               0                   11           8            9            5            9            13           16           13      
71           23           14           -1              0               0                   11           8            9            5            9            13           16           13      
72           23           14           0               -1              0                   12           8            9            5            9            13           16           13      
73           23           14           0               -1              0                   12           8            9            6            9            14           15           13      
74           23           13           0               -1              0                   12           8            9            6            9            14           15           13      
75           23           13           0               -1              0                   13           8            9            6            9            14           15           13      
76           23           13           0               -1              0                   13           8            9            7            9            15           14           12      
77           23           12           0               -1              0                   13           8            9            7            9            15           14           12      
78           23           12           0               -1              0                   13           9            9            7            9            15           14           12      
79           23           12           0               -1              0                   13           9            9            8            9            16           14           11      
80           23           11           0               -1              0                   13           9            9            8            9            16           14           11      
81           23           11           0               -1              0                   13           10           9            8            9            16           14           11      
82           23           11           0               -1              0                   13           10           10           8            9            17           15           11      
83           23           10           0               -1              0                   13           10           10           8            9            17           15           11      
84           23           10           0               -1              0                   13           11           10           8            9            17           15           11      
85           23           10           0               -1              0                   13           11           11           8            9            18           16           11      
86           23           9            0               -1              0                   13           11           11           8            9            18           16           11      
87           23           9            0               -1              0                   14           11           11           8            9            18           16           11      
88           23           9            0               -1              0                   14           11           12           8            10           18           16           10      
89           23           8            0               -1              0                   14           11           12           8            10           18           16           10      
90           23           8            1               0               0                   15           11           12           8            10           18           16           10      
91           23           8            1               0               0                   15           11           13           8            11           18           16           9       
92           24           8            1               0               0                   15           11           13           8            11           18           16           9       
93           24           8            1               0               0                   16           11           13           8            11           18           16           9       
94           24           8            1               0               0                   16           11           13           9            12           18           16           8       
95           25           8            1               0               0                   16           11           13           9            12           18           16           8       
96           25           8            1               0               0                   17           11           13           9            12           18           16           8       
97           25           8            1               0               0                   17           11           13           10           13           18           17           8       
98           26           8            1               0               0                   17           11           13           10           13           18           17           8       
99           26           8            1               0               0                   18           11           13           10           13           18           17           8       
100          26           8            1               0               0                   18           11           13           11           14           18           18           8       
101          27           8            1               0               0                   18           11           13           11           14           18           18           8       
102          27           8            1               0               0                   19           11           13           11           14           18           18           8       
103          28           8            1               0               0                   19           11           14           11           15           18           19           8       
104          28           8            1               0               0                   20           11           14           11           15           18           19           8       
105          28           8            0               -1              0                   20           11           15           11           16           18           20           8       
106          28           7            0               -1              0                   20           12           15           11           16           18           20           8       
107          28           7            0               -1              0                   20           12           16           11           17           18           20           7       
108          28           7            0               -1              0                   20           13           16           11           17           18           20           7       
109          28           6            0               -1              0                   20           13           16           11           17           18           20           7       
110          28           6            0               -1              0                   20           13           17           11           18           18           20           6       
111          28           5            0               -1              0                   20           14           17           11           18           18           20           6       
112          28           5            0               -1              0                   20           14           18           11           19           18           20           5       
113          28           5            0               -1              0                   21           14           18           11           19           18           20           5       
114          28           4            0               -1              0                   21           14           18           11           19           18           20           5       
115          28           4            0               -1              0                   21           14           19           11           20           18           21           5       
116          28           3            0               -1              1                   21           14           19           11           20           18           21           5       
117          28           3            0               -1              1                   22           14           19           11           20           18           21           5       
118          28           2            0               -1              1                   22           14           19           11           20           18           21           5       
119          28           1            0               -1              1                   22           14           20           11           20           17           22           5       
120          28           1            0               -1              1                   23           14           20           11           20           17           22           5       
121          28           1            0               -1              1                   23           14           20           12           20           16           23           5       
122          28           1            0               -1              1                   23           15           20           12           20           16           23           5       
123          28           1            0               1               1                   23           15           20           12           20           16           23           5       
124          28           2            0               1               1                   23           15           20           13           20           15           23           6       
125          28           3            0               1               1                   23           15           20           13           20           15           23           6       
126          28           3            0               1               1                   23           16           20           13           20           15           23           6       
127          28           4            0               1               1                   23           16           20           13           20           15           23           6       
128          28           5            0               1               1                   23           16           20           14           20           14           23           7       
129          28           6            0               1               1                   23           16           20           14           20           14           23           7       
130          28           7            0               1               1                   23           17           20           14           20           14           23           7       
131          28           8            0               1               1                   23           17           20           14           20           14           23           7       
132          28           8            -1              0               1                   23           17           20           14           20           14           23           7       
133          28           8            -1              0               1                   23           17           20           15           20           13           23           8       
134          27           8            -1              0               1                   23           17           20           15           20           13           23           8       
135          26           8            -1              0               1                   23           18           20           15           20           13           23           8       
136          25           8            -1              0               1                   23           18           20           15           20           13           23           8       
137          25           8            -1              0               1                   23           18           20           16           20           12           23           9       
138          24           8            -1              0               1                   23           18           20           16           20           12           23           9       
139          24           8            -1              0               1                   23           18           20           16           20           12           16           15      
140          24           8            -1              0               1                   23           19           20           16           20           12           16           15      
141          23           8            -1              0               1                   23           19           20           16           20           12           16           15      
142          23           8            -1              0               1                   23           19           20           16           20           12           17           15      
143          23           8            -1              0               1                   23           19           20           16           20           12           17           14      
144          23           8            -1              0               1                   23           19           20           17           20           11           17           14      
145          23           8            -1              0               1                   23           19           20           17           20           11           17           13      
146          23           8            -1              0               1                   23           20           20           17           20           11           17           13      
147          23           8            -1              0               1                   23           20           20           17           20           11           16           13      
148          23           8            0               1               1                   23           20           20           17           20           11           16           13      
149          23           9            0               1               1                   23           20           20           18           19           11           15           13      
150          23           10           0               1               1                   23           20           20           18           19           11           14           13      
151          23           10           0               1               1                   23           21           20           18           19           11           14           13      
152          23           11           0               1               1                   23           21           20           18           19           11           13           13      
153          23           12           0               1               1                   23           21           19           18           18           11           13           13      
154          23           12           0               1               1                   23           21           19           18           18           11           12           13      
155          23           13           0               1               1                   23           21           19           18           18           11           12           13      
156          23           13           0               1               1                   22           21           19           18           18           11           12           14      
157          23           14           0               1               1                   22           21           19           18           18           11           12           14      
158          23           14           0               1               1                   22           21           19           18           18           11           12           15      
159          23           14           0               1               1                   22           21           18           18           17           11           12           15      
160          23           15           0               1               1                   22           21           18           18           17           11           12           15      
161          23           15           0               1               1                   22           21           18           18           17           11           13           15      
162          23           16           0               1               1                   22           21           18           18           17           11           13           15      
163          23           16           0               1               1                   21           21           18           18           17           11           14           15      
164          23           17           0               1               1                   21           21           18           18           17           11           14           15      
165          23           17           0               1               1                   21           21           18           18           17           11           15           15      
166          23           17           0               1               1                   21           21           17           18           16           11           15           15      
167          23           18           0               1               1                   21           21           17           18           16           11           15           15      
168          23           18           0               1               1                   21           21           17           18           16           11           16           15      
169          23           19           0               1               1                   20           21           17           18           16           11           16           15      
170          23           19           0               1               1                   20           21           17           18           16           11           17           15      
171          23           20           0               1               1                   20           21           17           18           16           11           17           15      
172          23           20           0               1               1                   20           21           17           18           16           11           17           14      
173          23           20           0               1               1                   20           21           16           18           16           10           17           14      
174          23           21           0               1               1                   20           21           16           18           16           10           17           14      
175          23           21           -1              0               1                   20           21           16           18           16           10           17           13      
176          22           21           -1              0               1                   19           21           16           18           16           10           17           13      
177          22           21           -1              0               1                   19           21           16           18           16           10           16           13      
178          21           21           -1              0               1                   19           21           16           18           16           10           16           13      
179          21           21           -1              0               1                   19           21           16           18           16           10           15           13      
180          21           21           -1              0               1                   19           21           15           18           16           9            15           13      
181          20           21           -1              0               1                   19           21           15           18           16           9            15           13      
182          20           21           -1              0               1                   19           21           15           18           16           9            14           13      
183          20           21           -1              0               1                   15           14           15           18           16           9            14           13      
184          19           21           -1              0               1                   15           14           15           18           16           9            14           13      
185          19           21           -1              0               1                   15           14           15           18           16           9            13           13      
186          19           21           -1              0               1                   15           13           15           18           16           9            13           13      
187          18           21           -1              0               1                   15           13           15           18           16           9            13           13      
188          18           21           -1              0               1                   15           13           14           18           16           8            12           13      
189          18           21           -1              0               1                   14           13           14           18           16           8            12           13      
190          17           21           -1              0               1                   14           13           14           18           16           8            12           13      
191          17           21           -1              0               1                   13           13           14           18           16           8            12           14      
192          16           21           -1              0               1                   13           13           14           18           16           8            12           14      
193          16           21           -1              0               1                   12           13           14           18           16           8            12           15      
194          16           21           -1              0               1                   12           13           13           18           17           8            12           15      
195          16           21           0               1               1                   12           14           13           18           17           8            13           15      
196          16           22           0               1               1                   12           14           13           18           17           8            13           15      
197          16           22           0               1               1                   12           15           13           18           17           8            14           15      
198          16           23           0               1               1                   12           15           13           18           17           8            14           15      
199          16           23           0               1               1                   13           15           13           18           17           8            15           15      
200          16           23           0               1               1                   13           15           12           18           18           8            15           15      
201          16           24           0               1               1                   13           15           12           18           18           8            15           15      
202          16           24           0               1               1                   14           15           12           18           18           8            15           15      
203          16           24           0               1               1                   14           15           12           18           18           8            16           15      
204          16           24           0               1               1                   15           15           12           18           18           8            16           15      
205          16           24           0               1               1                   15           15           12           18           18           8            17           15      
206          16           24           1               0               1                   15           15           12           18           18           8            17           15      
207          16           24           1               0               1                   16           15           12           18           18           8            17           15      
208          16           24           1               0               1                   16           15           11           18           19           8            17           14      
209          17           24           1               0               1                   16           15           11           18           19           8            17           14      
210          17           24           1               0               1                   17           15           11           18           19           8            17           14      
211          17           24           1               0               1                   17           15           11           18           19           8            17           13      
212          18           24           1               0               1                   17           15           11           18           19           8            17           13      
213          18           24           1               0               1                   17           14           11           18           19           8            17           13      
214          18           24           1               0               1                   17           14           11           18           19           8            16           13      
215          19           24           1               0               1                   17           14           11           18           19           8            16           13      
216          19           24           1               0               1                   17           13           11           18           19           8            16           13      
217          19           24           1               0               1                   17           13           10           18           20           8            15           13      
218          20           24           1               0               1                   17           13           10           18           20           8            15           13      
219          20           24           1               0               1                   16           13           10           18           20           8            14           13      
220          21           24           1               0               1                   16           13           10           18           20           8            14           13      
221          21           24           1               0               1                   15           13           10           18           20           8            13           13      
222          22           24           1               0               1                   15           13           10           18           20           8            13           13      
223          22           24           1               0               1                   14           12           10           18           20           8            12           13      
224          23           24           1               0               1                   14           12           10           18           20           8            12           13      
225          23           24           1               0               1                   14           12           9            18           20           7            12           13      
226          23           24           1               0               1                   14           11           9            18           20           7            12           14      
227          23           24           1               0               1                   15           11           9            18           20           7            12           15      
228          23           24           1               0               1                   16           11           9            18           20           7            13           15      
229          23           24           1               0               1                   16           11           9            17           20           6            13           15      
230          23           24           0               1               1                   16           11           9            17           20           6            13           15      
231          23           24           0               1               1                   17           11           9            17           20           6            14           15      
232          23           25           0               1               1                   17           11           9            17           20           6            14           15      
233          23           25           0               1               0                   17           11           9            17           20           6            14           15      
234          23           25           0               1               0                   18           11           9            17           20           6            15           15      
235          23           26           0               1               0                   18           11           9            16           20           5            15           15      
236          23           26           0               1               0                   19           11           9            16           20           5            16           15      
237          23           27           0               1               0                   19           11           9            15           21           5            16           15      
238          23           27           0               1               0                   20           11           9            15           21           5            17           15      
239          23           27           0               1               0                   20           11           9            14           22           5            17           15      
240          23           27           0               1               0                   20           12           9            14           22           5            17           14      
241          23           27           0               1               0                   20           12           8            14           23           5            17           14      
242          23           27           1               0               0                   20           13           8            14           23           5            17           13      
243          23           27           1               0               0                   20           13           7            14           23           6            17           13      
244          24           27           1               0               0                   20           13           7            14           23           6            17           13      
245          24           27           1               0               0                   20           14           7            14           23           6            16           13      
246          24           27           1               0               0                   20           14           6            14           23           7            16           13      
247          25           27           1               0               0                   20           14           6            14           23           7            16           13      
248          25           27           1               0               0                   21           14           6            14           23           7            15           13      
249          25           27           1               0               0                   21           14           6            15           23           8            15           13      
250          26           27           1               0               0                   21           14           6            15           23           8            15           13      
251          26           27           1               0               0                   22           14           6            15           23           8            14           12      
252          26           27           1               0               0                   22           14           6            16           23           9            14           12      
253          27           27           1               0               0                   22           14           6            16           23           9            14           12      
254          27           27           1               0               0                   23           14           6            16           23           9            14           11      
255          27           27           1               0               0                   23           14           6            17           23           10           14           11      
256          28           27           1               0               0                   23           14           6            17           23           10           14           11      
257          28           27           1               0               0                   23           15           6            17           23           10           15           11      
258          28           27           1               0               0                   23           15           6            18           23           11           15           11      
259          28           27           1               0               0                   23           15           6            18           23           11           16           11      
260          28           27           1               0               0                   23           16           6            18           23           11           16           11      
261          28           27           1               0               0                   23           16           6            19           23           12           16           11      
262          28           27           1               0               0                   23           17           6            19           23           12           17           11      
263          28           27           0               1               0                   23           17           6            20           23           13           17           11      
264          28           28           0               1               0                   23           18           6            20           23           13           18           11      
265          28           28           0               1               0                   23           18           6            21           23           14           18           11      
266          28           29           0               1               0                   23           19           6            21           23           14           19           11      
267          28           29           0               1               0                   23           19           6            22           24           14           19           11      
268          28           30           0               1               0                   23           20           6            22           24           14           20           11      
269          28           30           0               1               0                   23           20           6            23           25           14           20           11      
270          28           30           0               1               0                   23           21           6            23           25           14           20           12      
271          28           30           0               1               0                   23           21           6            24           26           14           20           12      
272          28           30           0               1               0                   24           21           6            24           26           14           20           13      
273          28           30           0               1               0                   24           21           7            24           26           14           20           13      
274          28           30           0               1               0                   24           21           7            24           27           14           20           13      
275          28           30           0               1               0                   25           21           7            24           27           14           20           14      
276          28           30           0               1               0                   25           21           8            24           27           14           20           14      
277          28           30           0               1               0                   25           21           8            24           28           14           20           14      
278          28           30           0               1               0                   26           21           8            24           28           14           21           14      
279          28           30           0               1               0                   26           21           9            24           28           14           21           14      
280          28           30           0               1               0                   26           21           9            24           29           14           21           14      
281          28           30           0               1               0                   27           21           9            24           29           14           22           14      
282          28           30           0               1               0                   27           21           10           24           29           14           22           14      
283          28           30           0               1               0                   27           21           10           24           0            14           22           14      
284          28           30           0               1               0                   28           21           10           24           0            14           23           14      
285          28           30           -1              0               0                   28           21           11           24           0            14           23           14      
286          27           30           -1              0               0                   28           22           11           24           1            14           23           15      
287          27           30           -1              0               0                   28           22           12           24           1            14           23           15      
288          26           30           -1              0               0                   28           23           12           24           2            14           23           16      
289          26           30           -1              0               0                   28           23           13           24           2            14           23           16      
290          25           30           -1              0               0                   28           24           13           24           3            14           23           17      
291          25           30           -1              0               0                   28           24           14           24           3            14           23           17      
292          24           30           -1              0               0                   27           24           14           24           4            14           23           18      
293          24           30           -1              0               0                   27           24           15           24           4            14           23           18      
294          23           30           -1              0               0                   26           24           15           24           5            14           23           19      
295          23           30           -1              0               0                   26           24           16           24           5            14           23           19      
296          22           30           -1              0               0                   26           25           16           24           6            14           23           20      
297          22           30           -1              0               0                   26           25           17           24           6            14           23           20      
298          22           30           -1              0               0                   26           26           17           24           7            14           23           21      
299          21           30           -1              0               0                   26           26           18           24           7            14           23           21      
300          21           30           -1              0               0                   26           27           18           24           8            14           22           21      
301          20           30           -1              0               0                   26           27           19           24           8            14           22           21      
302          20           30           -1              0               0                   27           27           19           24           8            14           21           21      
303          19           30           -1              0               0                   27           27           19           24           9            14           21           21      
304          19           30           -1              0               0                   27           27           20           24           9            14           21           21      
305          19           30           -1              0               0                   28           27           20           24           9            14           20           21      
306          18           30           -1              0               0                   28           27           20           25           9            15           20           21      
307          18           30           -1              0               0                   28           28           20           25           9            16           19           21      
308          17           30           -1              0               0                   28           28           20           26           9            16           19           21      
309          17           30           -1              0               0                   28           29           20           26           9            17           18           21      
310          16           30           -1              0               0                   28           29           20           27           9            17           18           21      
311          16           30           -1              0               0                   28           30           20           27           9            18           17           21      
312          15           30           -1              0               0                   28           30           20           27           9            18           17           21      
313          15           30           -1              0               0                   28           30           19           27           9            18           17           21      
314          15           30           -1              0               0                   27           30           19           27           9            18           16           21      
315          14           30           -1              0               0                   27           30           18           27           9            19           16           21      
316          14           30           -1              0               0                   26           30           18           27           9            20           16           22      
317          13           30           -1              0               0                   26           30           17           27           9            20           16           22      
318          13           30           -1              0               0                   25           30           17           27           9            21           16           23      
319          12           30           -1              0               0                   25           30           16           27           9            21           16           23      
320          12           30           -1              0               0                   24           30           16           27           10           21           16           24      
321          12           30           -1              0               0                   24           30           16           28           10           21           16           24      
322          11           30           -1              0               0                   24           30           16           28           10           21           16           24      
323          11           30           -1              0               0                   23           30           16           28           11           21           15           24      
324          11           30           -1              0               0                   23           30           16           29           11           21           15           24      
325          10           30           -1              0               0                   23           30           16           29           11           21           15           24      
326          10           30           -1              0               0                   22           30           16           29           12           21           14           24      
327          10           30           -1              0               0                   22           30           16           30           12           21           14           24      
328          9            30           -1              0               0                   22           30           16           30           12           21           14           24      
329          9            30           -1              0               0                   21           30           16           30           13           21           13           24      
330          9            30           -1              0               0                   21           30           15           30           13           21           13           24      
331          8            30           -1              0               0                   21           30           15           30           13           21           13           24      
332          8            30           -1              0               0                   20           30           15           30           13           22           12           24      
333          8            30           -1              0               0                   20           30           14           30           13           22           12           24      
334          7            30           -1              0               0                   20           30           14           30           13           22           12           24      
335          7            30           -1              0               0                   20           30           14           30           13           23           11           24      
336          7            30           -1              0               0                   19           30           13           30           13           23           11           24      
337          6            30           -1              0               0                   19           30           13           30           13           23           11           24      
338          6            30           -1              0               0                   19           30           13           30           13           23           10           24      
339          6            30           -1              0               0                   18           30           12           30           13           24           10           24      
340          5            30           -1              0               0                   18           30           12           30           13           24           10           24      
341          5            30           -1              0               0                   18           30           12           30           13           24           9            24      
342          5            30           -1              0               0                   17           30           11           30           12           24           9            24      
343          4            30           -1              0               0                   17           30           11           30           12           24           9            24      
344          4            30           -1              0               0                   17           30           11           30           11           24           9            25      
345          4            30           -1              0               0                   16           30           10           30           11           24           9            25      
346          3            30           -1              0               0                   16           30           10           30           11           24           9            25      
347          3            30           -1              0               0                   16           30           10           30           10           24           9            26      
348          3            30           -1              0               0                   15           30           9            30           10           24           9            26      
349          2            30           -1              0               0                   15           30           9            30           10           24           9            26      
350          2            30           -1              0               0                   15           30           9            30           9            24           9            27      
351          2            30           -1              0               0                   14           30           8            30           9            24           9            27      
352          1            30           -1              0               0                   14           30           8            30           9            24           9            27      
353          1            30           -1              0               0                   14           30           8            30           9            25           10           27      
354          1            30           -1              0               0                   13           30           7            30           9            25           10           27      
355          1            30           -1              0               0                   13           30           7            30           9            25           11           27      
356          1            30           -1              0               0                   12           30           6            30           9            26           11           27      
357          1            30           -1              0               0                   12           30           6            30           9            27           12           27      
358          1            30           -1              0               0                   11           30           5            30           9            27           12           27      
359          1            30           -1              0               0                   11           30           5            30           10           27           13           27      
360          1            30           -1              0               0                   10           30           4            30           10           27           13           27      
361          1            30           -1              0               0                   10           30           4            30           10           27           13           28      
362          1            30           -1              0               0                   9            30           4            30           11           27           13           28      
363          1            30           -1              0               0                   9            30           3            30           11           27           13           28      
364          1            30           -1              0               0                   9            30           3            30           11           27           13           29      
365          1            30           -1              0               0                   8            30           2            30           12           27           13           29      
