time         game_state
0            1111111111111111111111111111111111111111111111111110011111011110        0    
1            1111111111111111111111111111111111111111111111111110011111011110        0    
2            1111111111111111111111111111111111111111111111111110111111011110        0    
3            1111111111111111111111111111111111111111111111111110111111110010        0    
4            1111111111111111111111111111111111111111111111111111011111110010        2    
5            1111111111111111111111111111111111111111001011111111011111110010        0    
6            1111111111111111111111111111111110110111001011111111111111110010        0    
7            1111111111111111111111111111111110110111001011111111111111110010        0    
8            1111111111111111111111111111111110110111000011111111111110110010        0    
9            1111111111111111111111111111111110110110100011111000011110110010        1    
10           1111111111111111111111111111111110110111111011111000011111110010        1    
11           1111111111111111111111111111111110110111111011111000101101110010        1    
12           1111111111111111111111111111111111111111111011111000101101110010        0    
13           1111111111111111111111111111111111111111110011111000101101110010        0    
14           1111111111111111111111111111111111111111110011111111101101110010        0    
15           1111111111111111111111111111111111111111111011011111101101011110        2    
16           1111111111111111111111111111111111111111111011011110101101011110        2    
17           1111111111111111111111111111111111111111110011011110101100011110        2    
18           1111111111111111111111111111111111111111110011011101101100011110        2    
19           1111111111111111111111111111111110110111100011111101101100011110        0    
20           1111111111111111111111111111111110111111100011111101101011011110        0    
21           1111111111111111111111111111111110111101100011110111101011011110        0    
22           1111111111111111111111111111111110111101100011110111101011011110        0    
23           1111111111111111111111111111111110111101100011110111101111011110        0    
24           1111111111111111111111111111111110111101101011110111101111110010        0    
25           1111111111111111111111111111111110111101101011110111101111110010        0    
26           1111101110011110111101111110010         0    
27           1111101110011110111101011110010         0    
28           1111101111011110111101011110110         0    
29           1111101111011110111101011110110         0    
30           1111110100011110111101011110110         3    
31           1111110100011110111101111110110         3    
32           1111110101011110111101111111010         3    
33           1111111001011110111101111111010         3    
34           1111111011011110111101111111010         0    
35           1111111111011110111101110111010         0    
36           1111111111011110111101110111010         0    
37           1110110011011110111101111111010         4    
38           1110110011011110111101111111010         4    
39           1110110010011110111101110111010         4    
40           1110110110011111000101110111010         4    
41           1111111111111111111111111111111111111111111111111000101110111010        0    
42           1111111111111111111111111111111111111111111111111000101110111010        0    
43           1111111111111111111111111111111111111111111111111000101110111010        0    
44           1111111111111111111111111111111111111111111111111000101110111110        0    
45           1111111111111111111111111111111111111111111111111000101110111110        0    
46           1111111111111111111111111111111111111111111111111000101110111110        0    
47           1111111111111111111111111111111111111111111111111000101110111110        0    
48           1111111111111111111111111111111111111111111111111000101111111110        0    
49           1111111111111111111111111111111111111111111111111000101111111110        0    
50           1111111111111111111111111111111111111111111111111000110110111110        0    
51           1111111111111111111111111111111111111111111111111111110100111110        0    
52           1111111111111111111111111111111111111111111111111111110101111110        2    
53           1111111111111111111111111111111111111111111111111111110011111110        2    
54           1111101100011111111110011111110         0    
55           1111101101011111111110010111110         0    
56           1111111101010111111110110111110         0    
57           1111111110010111111110111111110         3    
58           1111111110010111111110111111110         3    
59           1111111111010111111110110111110         3    
60           1111111111010111000111100111110         3    
61           1111111111010111000111100111110         0    
62           1111110010010111000111101111110         0    
63           1111111111111111111111111111111110111110010010111001111101111110        0    
64           1111111111111111111111111111111110111110011010111001111110111110        0    
65           1111111111111111111111111111111110111111111010011010111110111110        4    
66           1111111111111111111111111111111110111011011010011010111111111110        4    
67           1111111111111111111111111111111110111011011010011011111111111110        4    
68           1111111111111111111111111111111111111111111111111011111111111110        0    
69           1111111111111111111111111111111111111111111111111011111000111110        0    
70           1111111111111111111111111111111111111111111111111011111110111110        0    
71           1111111111111111111111111111111111111111111111111011111111111110        0    
72           1111111111111111111111111111111111111111111111111011111101111110        0    
73           1111111111111111111111111111111111111111111111111011111110111110        0    
74           1111111111111111111111111111111111111111111111111011111010111110        3    
75           1111111111111111111111111111111111111111111111111011111011111110        3    
76           1111111111111111111111111111111111111111111111111011111011111110        3    
77           1111111111111111111111111111111110111001110010011011111011111110        0    
78           1111111111111111111111111111111110111101110001111011111011110010        0    
79           1111111111111111111111111111111110111101110001111110111011110010        0    
80           1111111111111111111111111111111110111101111001111110111011110010        0    
81           1111111111111111111111111111111110111111111001111111111011110010        0    
82           1111111111111111111111111111111110111111110001111111111011110110        4    
83           1111111111111111111111111111111110111111010001011110111011110110        4    
84           1111111111111111111111111111111111111111111111111110111011110110        0    
85           1111111111111111111111111111111111111111111111111110111010110110        0    
86           1111111111111111111111111111111111111111111111111111111110110110        1    
87           1111111111111111111111111111111111111111111111111111011111110110        1    
88           1111111111111111111111111111111111111111111111111111011101110110        1    
89           1111111111111111111111111111111111111111111111111110111100110110        1    
90           1111111111111111111111111111111111111111111111111110111010110110        1    
91           1111111111111111111111111111111111111111111001011110111010110110        1    
92           1111111111111111111111111111111111111111110001011110111010110110        1    
93           1111111111111111111111111111111111111111110001011101011010110110        1    
94           1111111111111111111111111111111111111111110001011101011010111010        4    
95           1111111111111111111111111111111111111111110001011111111010111010        4    
96           1111111111111111111111111111111111111111110001011111111111111010        4    
97           1111111111111111111111111111111111111111110001011111011111111010        4    
98           1111111111111111111111111111111111111111111111111111011111111010        0    
99           1111111111111111111111111111111111111111111111111111111110111010        4    
100          1111111111111111111111111111111111111111111111111111111110111010        4    
101          1111111111111111111111111111111111111111111111111111111101111010        4    
102          1111111111111111111111111111111111111111111111111111110111111010        1    
103          1111111111111111111111111111111111111111111111111111110111110110        1    
104          1111111111111111111111111111111111111111111111111111110101110110        1    
105          1111111111111111111111111111111111111111111111111111110101110110        1    
106          1111111111111111111111111111111111111111111111111111110111110110        1    
107          1111111111111111111111111111111111111111110000111111110111110110        0    
108          1111111111111111111111111111111111111111110000011111110111110010        1    
109          1111111111111111111111111111111111111111110000011110110111110010        1    
110          1111111111111111111111111111111111111111111000011110010111110010        2    
111          1111111111111111111111111111111111111111111000011111010111110010        2    
112          1111111111111111111111111111111111111111110000011111010111111110        2    
113          1111111111111111111111111111111111111111110000011101110111111110        2    
114          1011011110000111101110111111110         0    
115          1011011101000111101110110111110         0    
116          1011011001000111101010110111110         0    
117          1011011000000111101010111111110         1    
118          1011010100000111100110111111110         1    
119          1011011111000111100011110111110         1    
120          1011011111000111100011000111110         1    
121          1011011110000111100011001111110         1    
122          1011001110000111011111011111110         1    
123          1111111111111111111111111111111111111111110000011011111011111110        1    
124          1111111111111111111111111111111111111111111000011011111010111110        1    
125          1111111111111111111111111111111111111111111000010111011010111110        1    
126          1111111111111111111111111111111111111111110000010111011011111110        4    
127          1111111111111111111111111111111111111111110000010110111011111110        4    
128          1111111111111111111111111111111111111111111000010110111011110010        4    
129          1111111111111111111111111111111111111111111000010111011011110010        4    
130          1111111111111111111111111111111111111111111111110111011011110010        0    
131          1111111111111111111111111111111111111111111111110101111011110010        0    
132          1111111111111111111111111111111111111111111111110101111011110010        0    
133          1111111111111111111111111111111111111111111111110101111011110110        2    
134          1111111111111111111111111111111111111111111111110101011111110110        2    
135          1111111111111111111111111111111111001001101000110101011111110110        0    
136          1111111111111111111111111111111111001101101000110101011110110110        0    
137          1111111111111111111111111111111111001101001000110101111010110110        0    
138          1111111111111111111111111111111111010001001000110101111001110110        3    
139          1111111111111111111111111111111111010001101000110101111011110110        3    
140          1111111111111111111111111111111111010001111000110101111011110110        0    
141          1111111111111111111111111111111111010111011000110101111010110110        0    
142          1111111111111111111111111111111111010111011000110110111010110110        0    
143          1111111111111111111111111111111111010111110001010110111010110110        4    
144          1111111111111111111111111111111111010111110001010111111010110110        4    
145          1111111111111111111111111111111111010111111001010111111010111010        4    
146          1111111111111111111111111111111111010111011001011000111010111010        4    
147          1111111111111111111111111111111111111111111111111000111010111010        0    
148          1111111111111111111111111111111111111111111111111000111111111010        4    
149          1111111111111111111111111111111111111111111111111001011111111010        4    
150          1111111111111111111111111111111111111111111111111001011110111010        4    
151          1111111111111111111111111111111111111111111111111001110110111010        4    
152          1111111111111111111111111111111111111111111111111010010111111010        4    
153          1111111111111111111111111111111111111111111111111010010101111010        4    
154          1111111111111111111111111111111111111111111111111010010101110110        4    
155          1111111111111111111111111111111111111111111111111010110111110110        4    
156          1111111111111111111111111111111111111111111111111010110111110110        3    
157          1111111111111111111111111111111111111111111111111011010101110110        3    
158          1111111111111111111111111111111111111111111111111011010101110010        3    
159          1111111111111111111111111111111111111111111111111011011111110010        3    
160          1111111111111111111111111111111111111111111111111011011111110010        3    
161          1111111111111111111111111111111111111111111111111011011101110010        3    
162          1111111111111111111111111111111111100011111001111011011101110010        3    
163          1111111111111111111111111111111111100101010010011011011101111110        3    
164          1111111111111111111111111111111111100101010010011011011101111110        3    
165          1111111111111111111111111111111111100101011010011011011110111110        4    
166          1111111111111111111111111111111111100101111010011011011110111110        4    
167          1111111111111111111111111111111111100101111010011011011111111110        4    
168          1111111111111111111111111111111111110101111010111011011111111110        4    
169          1111111111111111111111111111111111111111111111111011011111111110        0    
170          1111111111111111111111111111111111111111111111111011011100111110        0    
171          1111111111111111111111111111111111111111111111111011011010111110        0    
172          1111111111111111111111111111111111111111111111111011011010111110        1    
173          1111111111111111111111111111111111111111111111111011011000111110        1    
174          1111111111111111111111111111111111111111111111111011011110111010        1    
175          1111111111111111111111111111111111111111110011011011011110111010        0    
176          1111111111111111111111111111111111111111111011011011011110111010        0    
177          1111111111111111111111111111111111111111111011111011011110111010        0    
178          1111111111111111111111111111111111111111110011111011011111111010        4    
179          1111111111111111111111111111111111111111110011111011111111111010        4    
180          1111111111111111111111111111111111111111111011111011011110111010        4    
181          1111111111111111111111111111111111111111111011111010011110111010        4    
182          1111111111111111111111111111111111111111111111111010011110111010        0    
183          1111111111111111111111111111111111111111111111111001111111111010        1    
184          1111111111111111111111111111111111111111111111111001111111111010        1    
185          1111111111111111111111111111111111111111111111111001111111110110        1    
186          1111111111111111111111111111111111111111111111111001111011110111        1    
187          1111111111111111111111111111111111111111111011111001111011110111        0    
188          1111111111111111111111111111111111111111111011111001011011110111        0    
189          1111111111111111111111111111111111111111111011110111011011110111        2    
190          1111111111111111111111111111111111111111111011110111011011110111        2    
191          1111111111111111111111111111111111111111111011110111011011110111        2    
192          1111111111111111111111111111111111111111111011110101011011110111        2    
193          1111011101011110101011011110111         0    
194          1111011101011110101111011110111         0    
195          1111011101011110101111111110111         0    
196          1111011101011110101111111110111         0    
197          1111011110011110101111111110011         0    
198          1111011110011110101111011110011         0    
199          1111011110011110101011011110011         0    
200          1111011110011110101011011110011         0    
201          1111111111111111111111111111111111111111110011110101011011110011        3    
202          1111111111111111111111111111111111111111110011110101011111110011        3    
203          1111111111111111111111111111111111111111110011110101011111110011        0    
204          1111111111111111111111111111111111111111111011110101011111110011        0    
205          1111111111111111111111111111111111111111111011110110011111110011        0    
206          1111111111111111111111111111111111111111111011111110111111110011        0    
207          1111111111111111111111111111111111111111111011111110111111110011        0    
208          1111111111111111111111111111111111111111111011111111111111110011        0    
209          1111111111111111111111111111111111111111111011111111111111110011        0    
210          1111111111111111111111111111111111111111111011111110111111110011        1    
211          1111111111111111111111111111111111111111111011111110111111110011        0    
212          1111111111111111111111111111111111111111110011111110111100110011        0    
213          1111111111111111111111111111111111111111110011111111011100110011        0    
214          1111111111111111111111111111111111111111110011111111011100110011        0    
215          1111111111111111111111111111111111111111110011111110011100110011        2    
216          1111111111111111111111111111111111111111110011111110011100110011        2    
217          1111111111111111111111111111111111111111110011111111011100110011        2    
218          1111111111111111111111111111111111111110001011111111011101110011        0    
219          1111111111111111111111111111111111111110101011111111011101110011        0    
220          1111111111111111111111111111111111111110101011111101111111110011        0    
221          1111111111111111111111111111111111111111001011111101111111110011        0    
222          1111111111111111111111111111111111111111001011111101111101110011        0    
223          1111111111111111111111111111111111111111101011111101111101110011        0    
224          1111111111111111111111111111111111111111110011111101111110110011        0    
225          1111111111111111111111111111111111111010010011111101111110110011        0    
226          1111111111111111111111111111111111111010010011111101011110110011        0    
227          1111111111111111111111111111111111111010010011111101011110110011        4    
228          1111111111111111111111111111111111111111111111111101011110110011        0    
229          1111111111111111111111111111111111111111111111111101011110110011        0    
230          1111111111111111111111111111111111111111111111111101011110110011        0    
231          1111111111111111111111111111111111111111111111111101011110110011        0    
232          1111111111111111111111111111111111111111111111111101011110110011        0    
233          1111111111111111111111111111111111111111111111111101011110110011        1    
234          1111111111111111111111111111111111111111111111111101111110110011        1    
235          1111111111111111111111111111111111111111111111111101111110110011        1    
236          1111111111111111111111111111111111111111111111111101111110110011        1    
237          1111111111111111111111111111111111111111111111111101111110110011        1    
238          1111111111111111111111111111111111111111111011111101111110110011        0    
239          1111111111111111111111111111111111111111111011111101111110110011        0    
240          1111111111111111111111111111111111111111110011111101111110110111        0    
241          1111111111111111111111111111111111111111110011111100111110110111        0    
242          1111111111111111111111111111111111111111110011111100011110110111        0    
243          1111111111111111111111111111111111111111110011111111011110110111        0    
244          1111111111111111111111111111111111111111110011111111011110110111        0    
245          1111111111111111111111111111111111111111110011111110011110110111        0    
246          1111111111111111111111111111111111111111110011111110011110110111        0    
247          1111111111111111111111111111111111111111111011111110011110110111        0    
248          1111111111111111111111111111111111111111111011111101011110110111        0    
249          1111111111111111111111111111111111111111111011111011111110110111        0    
250          1111111111111111111111111111111111111111111011111011111110110111        0    
251          1111111111111111111111111111111111111111111011111011111110110111        0    
252          1111111111111111111111111111111111111111111011101111111110110111        0    
253          1111111111111111111111111111111111111111110011101111111110111011        0    
254          1111111111111111111111111111111111111111110011101111111110111011        0    
255          1111111111111111111111111111111111111111110011011111111110111011        0    
256          1111111111111111111111111111111111111111110011011111111110111011        0    
257          1111111111111111111111111111111111111111110011011111111110111011        0    
258          1111111111111111111111111111111111111111110011011111111110111011        0    
259          1111111111111111111111111111111111111111110011011111111110111011        0    
260          1111111111111111111111111111111111111111111011011111111110111011        0    
261          1111111111111111111111111111111111111111111011011111111110111011        0    
262          1111111111111111111111111111111111111111111011001011111110111011        0    
263          1111111111111111111111111111111111111111111011001011111110111011        0    
264          1111111111111111111111111111111111111111111011001011111110111011        0    
265          1111111111111111111111111111111111111111111011001011111110111011        0    
266          1111111111111111111111111111111111111111111011001011111110111011        0    
267          1111111111111111111111111111111111111111110011001011111110111111        0    
268          1111111111111111111111111111111111111111110011001011111110111111        0    
269          1111111111111111111111111111111111111111110010111011111110111111        0    
270          1111111111111111111111111111111111111111110010111011111110111111        0    
271          1111111111111111111111111111111111111111110010111111111110111111        0    
272          1111111111111111111111111111111111111111110010111111111110111111        2    
273          1111111111111111111111111111111111111111111010111111111110111111        2    
274          1111111111111111111111111111111111111111111010111111111110111111        2    
275          1111111111111111111111111111111111111111111010101111111110111111        2    
276          1111111111111111111111111111111111111111111010101111111110111111        2    
277          1111111111111111111111111111111111111011001010101111111110111111        0    
278          1111111111111111111111111111111111111011001010101111111110111111        0    
279          1111111111111111111111111111111111111011001010101111111110111111        3    
280          1111111111111111111111111111111111111011001010101111111110111111        3    
281          1111111111111111111111111111111111111011010010101111111110110011        3    
282          1111111111111111111111111111111111111011010010101111111110110011        3    
283          1111111111111111111111111111111111111011010010111111111110110011        3    
284          1111111111111111111111111111111111111011010010111111111110110011        3    
285          1111111111111111111111111111111111111011010010011111111110110011        3    
286          1111111111111111111111111111111111111011010010011111111110110011        3    
287          1111111111111111111111111111111111111011010010011111111110110011        3    
288          1111011010010011111111110110011         2    
289          1111011011010011111111110110011         2    
290          1111011011010011111111110110011         2    
291          1111011011010001111111110110011         2    
292          1111011011010001011111110110011         2    
293          1111011011010101011111110110011         0    
294          1111011011010101011111110110011         2    
295          1111011011010101011111110110011         2    
296          1111011100010101011111110110111         2    
297          1111011100010101011111110110111         2    
298          1111011100010101100011110110111         3    
299          1111111100010101100011110110111         3    
300          1111111100010101100011110110111         3    
301          1111111100010101100011110110111         3    
302          1111111100010101100011110110111         3    
303          1111111110010001100011110110111         0    
304          1110111110010001100011110110111         0    
305          1110111110010001101011110110111         2    
306          1110111110010001101111110110111         2    
307          1110111110010001101111110110111         2    
308          1110111110010001110111110110111         2    
309          1110111110010001110111110110111         2    
310          1110111110010001111111110110111         2    
311          1110111100010101111111110111011         0    
312          1110111100010101111111110111011         0    
313          1110111100010101111011110111011         1    
314          1110111100010101111011110111011         1    
315          1110111100010101111011110111011         1    
316          1110111100010101111011110111011         1    
317          1110111100010101111111110111011         1    
318          1111111111111111111111111111111111111111110010001111111101111011        1    
319          1111111111111111111111111111111111111111110010001111111101111011        1    
320          1111111111111111111111111111111111111111110010001111111101111011        1    
321          1111111111111111111111111111111111111111110010001111111101111011        1    
322          1111111111111111111111111111111111111111110010001101111101111011        2    
323          1111111111111111111111111111111111111111110010001101111101111011        2    
324          1111111111111111111111111111111111111111111010001101111100111011        2    
325          1111111011010101101111100111011         0    
326          1101111011010101101111100111011         0    
327          1101111011010101110111100111010         0    
328          1101111011010101110111110111010         2    
329          1111111010010101110111011111010         2    
330          1111111010001111110111011111010         2    
331          1111111010001111110111111111010         2    
332          1111111101001111110111111110110         1    
333          1111111101001101110111111110110         1    
334          1111111101001101110111111110110         1    
335          1111111000001101110111111110110         1    
336          1111111000001111110111111110110         1    
337          1111111000001111110111011110110         1    
338          1111111111111111111111111111111111111111110001011110111011110110        0    
339          1111111111111111111111111111111111111111111001011110111010110110        1    
340          1111111111111111111111111111111111111111111001011101111010110110        1    
341          1111111111111111111111111111111111111111111001011111111010110110        1    
342          1111111111111111111111111111111111111111111001011111111001110110        1    
343          1111111111111111111111111111111111111111111001011111111001110110        4    
344          1111111111111111111111111111111111111111111001011111111001110110        4    
345          1111111111111111111111111111111111111111111001011111111000110110        4    
346          1111111111111111111111111111111111111111111001011110111000110110        4    
347          1111111111111111111111111111111111111111111001011101111000110110        4    
348          1111111111111111111111111111111111111111111111111101111000110110        0    
349          1111111111111111111111111111111111111111111111111101111000110110        0    
350          1111111111111111111111111111111111111111111111111101111000110110        0    
351          1111111111111111111111111111111111111111111111111101111110110110        4    
352          1111111111111111111111111111111111111111111111111101111110111010        4    
353          1111111111111111111111111111111111111111111111111111111110111010        4    
354          1111111111111111111111111111111111111111111111111111111100111010        4    
355          1111111111111111111111111111111111111111111111111111110111111010        4    
356          1111111111111111111111111111111111111111111111111111110111111010        4    
357          1111111111111111111111111111111111111111111111111111110111111010        4    
358          1111111111111111111111111111111111111111111111111111110110111010        4    
359          1111111111111111111111111111111111111111111111111111110110111010        4    
360          1111111111111111111111111111111111111111111111111111110110111010        4    
361          1111111111111111111111111111111111111111111111111111110101111010        4    
362          1111111111111111111111111111111111111111111111111111110101111010        4    
363          1111111111111111111111111111111111111111111111111111011111111010        4    
364          1111111111111111111111111111111111111111111111111111011111110110        4    
365          1111111111111111111111111111111111111111111111111101111111110110        4    
366          1111111111111111111111111111111111111111111111111101111101110110        4    
367          1111111111111111111111111111111111111111111111111101111101110110        4    
368          1111111111111111111111111111111111111111111111111101011101110110        4    
369          1111111111111111111111111111111111111111111111111101011111110110        4    
370          1111111111111111111111111111111111111111111111111101011111110010        4    
371          1111111111111111111111111111111111111111111111111101111111110010        4    
372          1111111111111111111111111111111111111111111111111101111101110010        4    
373          1111111111111111111111111111111111111111111111111101111101110010        4    
374          1111111111111111111111111111111111111111111111111101011101110010        4    
375          1111111111111111111111111111111111111111111111111101010111110010        4    
376          1111111111111111111111111111111111111111111111111101010111111110        4    
377          1111111111111111111111111111111111111111111111110111110111111110        4    
378          1111111111111111111111111111111111111111111111110111110101111110        4    
379          1111111111111111111111111111111111111111111111110111110100111110        4    
380          1111111111111111111111111111111111111111111111110111010100111110        4    
381          1111111111111111111111111111111111111111111111110111010110111110        4    
382          1111111111111111111111111111111111111111111111110111010011111110        4    
383          1111111111111111111111111111111111111111111111110111110011111110        4    
384          1111111111111111111111111111111111111111111111110111110011111110        4    
385          1111111111111111111111111111111111111111111111110111110010111110        4    
386          1111111111111111111111111111111111111111111111110111010010111110        1    
387          1111111111111111111111111111111111111111111111110111011110111110        1    
388          1111111111111111111111111111111111111111111111110111011111111110        1    
389          1111111111111111111111111111111111111111111111110101111111111110        1    
390          1111111111111111111111111111111111111111111111110101111101111110        1    
391          1111111111111111111111111111111111111111110001010101111101111110        0    
392          1111111111111111111111111111111111111111110001010101111100111110        0    
393          1111111111111111111111111111111111111111110001010101011100111110        4    
394          1111111111111111111111111111111111111111110001010101011100111110        4    
395          1111111111111111111111111111111111111111110001010101001111111110        4    
396          1111111111111111111111111111111111111111110001010100101111111110        4    
397          1111111111111111111111111111111111111111110001010111101111111110        4    
398          1111111111111111111111111111111111111111110001010111101110111110        4    
399          1111111111111111111111111111111111111111110001010111001110111110        4    
400          1111111111111111111111111111111111111111110001010110001110111110        4    
401          1111111111111111111111111111111111111111111001010110001110111110        4    
402          1111111111111111111111111111111111111111111001010011101110111110        4    
403          1111111111111111111111111111111111111111111001010011101110111110        4    
404          1111111111111111111111111111111111111111111111110011101110111110        4    
405          1111111111111111111111111111111111111111111111110011101110111010        4    
406          1111111111111111111111111111111111111111111111110011001110111010        4    
407          1111111111111111111111111111111111111111111111110011001110111010        4    
408          1111111111111111111111111111111111111111111111110011001110111010        4    
409          1111111111111111111111111111111111111111111111100011001110111010        4    
410          1111111111111111111111111111111111111111111111100011001110111010        3    
411          1111111111111111111111111111111111111111111111100011001101111010        3    
412          1111111111111111111111111111111111111111111111110011001101111010        3    
413          1111111111111111111111111111111111111111111111110011001111111010        3    
414          1111111111111111111111111111111111111111111111110011001110111010        3    
415          1111111111111111111111111111111111111111111111100011001110111010        3    
416          1111111111111111111111111111111111111111111111100011001100111010        3    
417          1111111111111111111111111111111111111111111111100011001111111010        3    
418          1111111111111111111111111111111111111111111111110011001111111010        3    
419          1111111111111111111111111111111111111111111111110011001011111010        3    
420          111101110000010011001011111010          3    
421          111101111000010011001011110110          3    
422          111101111000010011101011110110          3    
423          111101111000010010101011110110          3    
424          111101111000010010101011110110          3    
425          111101111000010010001011110110          3    
426          111101111000010011001011110111          3    
427          111101111000010110001011110111          3    
428          111101111000010111001011110111          3    
429          110111111000010111001011110011          3    
430          110111111000010101101011110011          3    
431          110111111000010111101011110011          3    
432          110111111000010111101011110011          2    
433          110011111000011001101011110011          2    
434          110011101000111001101011110011          0    
435          110011101000111001001011110011          0    
436          110011101000111001001111110011          0    
437          110011101000111001001111110011          2    
438          100011100000111001001110110011          2    
439          100011100000111001001010110011          2    
440          100011100000111000101010110011          1    
441          100011100000111000101010110011          1    
442          100011100000111000101110110011          1    
443          1111111111111111111111111111111111111111110000011000101110110011        0    
444          1111111111111111111111111111111111111111111000011000101101110011        1    
445          1111111111111111111111111111111111111111111000010111101101110011        1    
446          1111111111111111111111111111111111111111111000100111101101110011        1    
447          1111111111111111111111111111111111111111111000100110101101110011        1    
448          1111111111111111111111111111111111111111111000100101101101110011        4    
449          1111111111111111111111111111111111111111111111100101101101110011        0    
450          1111111111111111111111111111111111111111111111100101101100110011        0    
451          1111111111111111111111111111111111111111111111100101101010110011        0    
452          1111111111111111111111111111111111111111111111110101101010110011        0    
453          1111111111111111111111111111111111111111111111110101101000110011        0    
454          1111111111111111111111111111111111111111111111110101101110110011        4    
455          1111111111111111111111111111111111111111111111110101101110110011        4    
456          1111111111111111111111111111111111111111111111100101101100110011        4    
457          1111111111111111111111111111111111111111111111110111001100110011        2    
458          1111111111111111111111111111111111111111111111110111001010110011        2    
459          1111111111111111111111111111111111100111001011110111101010110011        0    
460          1111111111111111111111111111111111110111001011110111101100110011        0    
461          1111111111111111111111111111111111111111001011110111001100110111        0    
462          1111111111111111111111111111111111111111101011110111001110110111        2    
463          1111111111111111111111111111111111111111101011110111101110110111        2    
464          1111111111111111111111111111111111111111001011110111101000110111        2    
465          1111111111111111111111111111111111111111001011111101001000110111        2    
466          1111111111111111111111111111111111111111101011111101001010110111        2    
467          1111111111111111111111111111111111111111101011111101101010110111        2    
468          1111111111111111111111111111111111111001001011111101101100110111        2    
469          1111111111111111111111111111111111111001001011101101101100110111        2    
470          1111111111111111111111111111111111111001101011101101101110110111        2    
471          1111111111111111111111111111111111111001101011111101101110110111        2    
472          1111111111111111111111111111111111111110100011111101101110110111        2    
473          1111111111111111111111111111111111111110100011111101111000111011        2    
474          1111111111111111111111111111111111111110100011111101011000111011        2    
475          1111111111111111111111111111111111111110101011111101011000111011        2    
476          1111111111111111111111111111111111111110101011111101011010111011        2    
477          1111111111111111111111111111111111111110101011110111111010111011        2    
478          1111111111111111111111111111111111111010101011110111111010111011        2    
479          1111111111111111111111111111111111111010001011110111111100111011        2    
480          1111111111111111111111111111111111111010001011110111011100111011        2    
481          1111111111111111111111111111111111111110001011110111010111111011        2    
482          1111111111111111111111111111111111110111101011110111010111111011        2    
483          1111111111111111111111111111111111110111101011110111110111111011        2    
484          1111111111111111111111111111111111110111100011110111110111111011        1    
485          1111111111111111111111111111111111110111000011110111111111111011        1    
486          1111111111111111111111111111111111110111000011110111011111111011        1    
487          1111111111111111111111111111111111110111111011110111011111111011        1    
488          1111111111111111111111111111111110110111111011110111011111111011        1    
489          1111111111111111111111111111111111111111111011100111011111111011        0    
490          1111111111111111111111111111111111111111110011100111011110111011        0    
491          1111111111111111111111111111111111111111110011100110011110111011        0    
492          1111111111111111111111111111111111111111110011110110011110111011        0    
493          1111111111111111111111111111111111111111111011110110011110111011        4    
494          1111111111111111111111111111111111111111111011110111011110111011        4    
495          1111111111111111111111111111111111111111111011110111111110111011        4    
496          1111111111111111111111111111111111111111110011110111111110111011        4    
497          1111111111111111111111111111111111111111110011110110111110111011        4    
498          1111111111111111111111111111111111111111110011110111011110111011        4    
499          1111111111111111111111111111111111111111110011110111011111111011        4    
500          1111111111111111111111111111111111111111110011110111011111111011        4    
501          1111111111111111111111111111111111111111110011110111011111111011        4    
502          1111111111111111111111111111111111111111111111110111111111111011        0    
503          1111111111111111111111111111111111111111111111110111111111111011        0    
504          1111111111111111111111111111111111111111111111110111111101111011        0    
505          1111111111111111111111111111111111111111111111111001011101111011        0    
506          1111111111111111111111111111111111111111111111111001011101111011        0    
507          1111111111111111111111111111111111111111111111111001010111111011        0    
508          1111111111111111111111111111111111111111111111111001110111111011        0    
509          1111111111111111111111111111111111111111111111111001110111111011        0    
510          1111111111111111111111111111111111111111111111111001110111111011        0    
511          1111111111111111111111111111111111111111111111111001110101111011        0    
512          1111111111111111111111111111111111111111111111101001110101111011        0    
513          1111111111111111111111111111111111111111111111101001110101111011        0    
514          1111111111111111111111111111111111111111111111101001110111111011        0    
515          1111111111111111111111111111111111111111111111111001110111111011        0    
516          1111111111111111111111111111111111111111111111111001110111111011        0    
517          1111111111111111111111111111111111111111111111111001110101111011        0    
518          1111111111111111111111111111111111111111111111111001010101111111        0    
519          1111111111111111111111111111111111111111111111111001010101111111        2    
520          1111111111111111111111111111111111111111111111111001001111111111        2    
521          1111111111111111111111111111111111111111101011110111101111111111        0    
522          1111111111111111111111111111111111111011101011110111101111111111        0    
523          1111111111111111111111111111111111111011001011110111110101111111        0    
524          1111111111111111111111111111111111111011001011110111010101111111        0    
525          1111111111111111111111111111111111110111001011110111010101111111        2    
526          1111111111111111111111111111111111110111001011110111010111111111        2    
527          1111111111111111111111111111111111110111001011110111110111111111        2    
528          1111111111111111111111111111111111110111000011110111110111111111        2    
529          1111111111111111111111111111111111110111000011110111110101111111        2    
530          1111111111111111111111111111111111110111000011110111010101111111        2    
531          1111111111111111111111111111111111110111111011110111010101111111        3    
532          1111111111111111111111111111111110110111111011110111010111111111        3    
533          1111111111111111111111111111111110110111111011100111010111111111        3    
534          1111111111111111111111111111111110110111110011100111010111111111        3    
535          1111111111111111111111111111111110110111110011100111011110111111        3    
536          1111111111111111111111111111111110110111110011110111011110111111        3    
537          1111111111111111111111111111111110110111101011110111011110111111        3    
538          1111111111111111111111111111111110110111101011110111011110111111        3    
539          1111111111111111111111111111111110110111111011110111111110111111        3    
540          1111111111111111111111111111111110110111110011110111111110111111        3    
541          1111111111111111111111111111111110110111110011110110111110111111        3    
542          1111111111111111111111111111111110110111110011110111011110111111        3    
543          1111111111111111111111111111111110111011110011110111011110111111        2    
544          1111011110011110111011111111111         2    
545          1111011110011110111111111111111         2    
546          1111111110011110111111111111111         2    
547          1111111110011110111111111111111         2    
548          1111111110011111100011111111111         2    
549          1111111111011111100011111111111         2    
550          1111111111011111101011111111111         2    
551          1111111101011111101111111111111         0    
552          1111111110011111101111010111111         0    
553          1111111110011111101111100111111         0    
554          1111111110011101101111100111111         1    
555          1111111111011101101111100111111         1    
556          1111101111011101101111110111111         1    
557          1111101111011111101111110111111         1    
558          1111110000011111101111110111111         1    
559          1111110100011111101101000111111         1    
560          1111111111111111111111111111111111111111110011011101101000111111        0    
561          1111111111111111111111111111111111111111110011011101101001111111        0    
562          1111111111111111111111111111111111111111111011011101101001111111        0    
563          1111111111111111111111111111111111111111111011011100101001111111        2    
564          1111111111111111111111111111111111111111111011010111101001111111        2    
565          1111111111111111111111111111111111111111111011010111101001111111        2    
566          1111111111111111111111111111111111111111111011010111101001111111        2    
567          1111111111111111111111111111111111111111111011000111101001111111        2    
568          1111111111111111111111111111111111111111111011000111101001111111        2    
569          1111111111111111111111111111111111111111111011000111101001111111        2    
570          1111111111111111111111111111111111111111111010110111101001111111        2    
571          1111111111111111111111111111111111111111111010110111101010111111        2    
572          1111111111111111111111111111111111111111110010110111101010111111        2    
573          1111111111111111111111111111111111111111110010110111101010111111        2    
574          1110110100010110111101010111111         2    
575          1110111111010110111101010111110         2    
576          1110111111010110111101010111110         2    
577          1110111111010111001101011111110         2    
578          1110111110010111001101011111110         2    
579          110111110010111001101111111110          2    
580          110111110010101001101100111110          2    
581          110111101010101001101100111110          2    
582          110111101010101001101110111110          2    
583          110111101010111001101111111110          2    
584          110111100010111001101111111110          2    
585          110111100010111001101101111110          2    
586          110111100010101001101110111110          2    
587          111111100010101001101110111110          2    
588          111111100010101001101110111110          2    
589          111111100010101001101110111110          2    
590          111111100010101001101110111110          2    
591          111101100010101001101110111110          3    
592          111101100010101001101110111010          3    
593          111101101010101001101110111010          3    
594          111101101010101001101110111010          3    
595          111101111010001001101110111010          0    
596          111101111010001001101110111010          0    
597          111101110010001001101110111010          0    
598          111101110010001011101110111010          0    
599          111101110010001010101111111010          3    
600          111101111010001010101111111010          3    
601          111101111010001011101111111010          2    
602          111101111001111011101110111010          2    
603          111110010001111011101110111010          2    
604          111111110001111110101110111010          2    
605          111111110001101110101111111010          2    
606          111111111001101110101111111010          2    
607          111111011001101111101111111010          2    
608          111111001001111111101111110110          2    
609          111011001001111111101111110110          2    
610          111010101001111111111011110110          2    
611          111010101001111111111011110110          2    
612          110110101001111111111011110110          2    
613          110110001001111111111011110110          2    
614          110110001001111111111011110010          2    
615          110110000001111111111011110010          1    
616          110111100001111111111111110010          1    
617          110111100001111111111111110010          1    
618          110101111001111111111111110010          1    
619          110101111001111111111111110010          1    
620          110101111001111101111111011110          1    
621          110001110001111101111111011110          1    
622          110001110001111101111011011110          1    
623          1111111111111111111111111111111111111111110001011101111011011110        0    
624          1111111111111111111111111111111111111111110001011101111011011110        1    
625          1111111111111111111111111111111111111111110001011101111011011110        1    
626          1111111111111111111111111111111111111111110001011100111011011110        1    
627          1111111111111111111111111111111111111111110001011101111011011010        1    
628          1111111111111111111111111111111111111111111001011101111011011010        4    
629          1111111111111111111111111111111111111111111001011111111011011011        4    
630          1111111111111111111111111111111111111111111001011111111011011011        4    
631          1111111111111111111111111111111111111111111001011111111011011011        4    
632          1111111111111111111111111111111111111111111001011111111010011011        4    
633          1111111111111111111111111111111111111111111001011101111010011011        4    
634          1111111111111111111111111111111111111111111111111101111010011011        4    
635          1111111111111111111111111111111111111111111111111101111010011011        4    
636          1111111111111111111111111111111111111111111111111101111110011011        4    
637          1111111111111111111111111111111111111111111111111101111110011011        4    
638          1111111111111111111111111111111111111111111111111101111110011011        4    
639          1111111111111111111111111111111111111111111111111111111101011011        4    
640          1111111111111111111111111111111111111111111111111111111011011011        3    
641          1111111111111111111111111111111111111111111111111111111011011011        3    
642          1111111111111111111111111111111111111111111111111111111001011011        3    
643          1111111111111111111111111111111111111111111111111111111001011011        3    
644          1111111111111111111111111111111111111111111111111111101111011011        3    
645          1111010110001101111101110011011         0    
646          1111010110001101110101110011011         0    
647          1110110110001101110101110011011         4    
648          1110110110001101111101110011011         4    
649          1100110110001101111101110011011         4    
650          1100110110001111110101110011011         4    
651          1100110110001111111101110011011         4    
652          1111111111111111111111111111111111111111111111111111101110011011        0    
653          1111111111111111111111111111111111111111111111111111101110011011        0    
654          1111111111111111111111111111111111111111111111111111101100011011        0    
655          1111111111111111111111111111111111111111111111101111101100010111        2    
656          1111111111111111111111111111111111111111111111101111101010010111        2    
657          1110010100010101111101010010111         0    
658          1110010100010101111101100010111         3    
659          1110010101010101111101100010111         3    
660          1111111111111111111111111111111110100010101010101111101110010111        3    
661          1111111111111111111111111111111110100010111010001111101110010111        0    
662          1111111111111111111111111111111110100010111010001101101110010111        0    
663          1111111111111111111111111111111110100010111010001111101110010111        0    
664          1111111111111111111111111111111110100010110010001111101110010111        2    
665          1111111111111111111111111111111110100011010010001111101110010111        2    
666          1111111111111111111111111111111110100011010010001101101110010111        2    
667          1111111111111111111111111111111110100011010010101101101110010111        0    
668          1111111111111111111111111111111110100011010010101101101110010011        0    
669          1111111111111111111111111111111110100011010010101101111000010011        0    
670          1111111111111111111111111111111110100011010011111110111000010011        0    
671          1111111111111111111111111111111110100011011011111110111010010011        0    
672          1111111111111111111111111111111110100011011011111110111010010011        0    
673          1111111111111111111111111111111110100011111011111110111010010011        0    
674          1111111111111111111111111111111110100011111011111110111100010011        0    
675          1111111111111111111111111111111110100011111011111111110111010011        1    
676          1111111111111111111111111111111110100011111011111111110111010011        1    
677          1111111111111111111111111111111110100011111011111111110111010011        1    
678          1111111111111111111111111111111110100011100011111111110111010011        1    
679          1111111111111111111111111111111110100011100011111111111111010011        1    
680          1111111111111111111111111111111111111111110011111111111111010011        0    
681          1111111111111111111111111111111111111111110011111000111111010011        0    
682          1111111111111111111111111111111111111111110011111111111111010011        0    
683          1111111111111111111111111111111111111111110011111111111110010011        0    
684          1111111111111111111111111111111111111111110011111111111110010011        3    
685          1111111111111111111111111111111111111111110011111110111110010011        3    
686          1111111111111111111111111111111110100010110011111110111110010011        4    
687          1111111111111111111111111111111110100010110011101110111110010011        4    
688          1111111111111111111111111111111110011110110011101110111110010011        4    
689          1111111111111111111111111111111110011110110011101111111110010011        4    
690          1111111111111111111111111111111110011110110011011111111110010011        4    
691          1111111111111111111111111111111110011110110011011000111110010011        4    
692          1111111111111111111111111111111111111111111111111000111101010011        0    
693          1111111111111111111111111111111111111111111111111000111101010011        0    
694          1111111111111111111111111111111111111111111111111000110111010011        0    
695          1111111111111111111111111111111111111111111111111111110111010011        0    
696          1111111111111111111111111111111111111111111111111111110101010011        0    
697          1111111111111111111111111111111111111111111111111111110101010011        0    
698          1111111111111111111111111111111111111111111111111111110101010011        0    
699          1111111111111111111111111111111111111111111111111111110111010011        3    
700          1111111111111111111111111111111111111111111111111110110111010011        3    
701          1111111111111111111111111111111111111111111111111110110101010011        3    
702          1111111111111111111111111111111111111111111111111110110101010011        3    
703          1111111111111111111111111111111111111111111111111110101111010011        3    
704          1110111110011011110101111010011         3    
705          1110111110011101110101111010011         3    
706          1110111110011101111101111011111         3    
707          1110111110011111111101111011111         3    
708          1110111110011111110101111011111         3    
709          1110111011011111110101111011111         3    
710          1110111011011111110101111011111         3    
711          1110111011011111111101111011111         3    
712          1110111011011111111101111011111         3    
713          1110111011011111111101111011111         3    
714          1110111011011111111101111011111         3    
715          1110111011011111111101111011111         3    
716          1110111011011111111101111011111         3    
717          1110111010011111111101111011111         3    
718          1110111010011111101101111011111         3    
719          1010111010011111110101111011111         3    
720          1010111010011111110101110011111         3    
721          1010111010011111111101110011111         3    
722          1010111010011101111101110011111         3    
723          1010111011011111000101110011111         3    
724          1010111011011011000101110011111         3    
725          1010110111011011000101110011111         3    
726          1010110111011011001101110011111         3    
727          1010110111011011001101111011111         3    
728          1010110111011011010101111011111         3    
729          1010110111011010111101111011111         3    
730          1010110110011010111101111011111         3    
731          1010110010011010111101111011111         3    
732          1010110010011010111101111011111         3    
733          1010110010011010111101110011111         3    
734          1010110010011010110101110011111         3    
735          1010110010011010111101110011111         3    
736          1010110010011010111101110011111         3    
737          1010010010011010111101110011111         3    
738          1010010010011010110101110011111         3    
739          1010011110011110110101110011111         3    
740          1010011110011110111101110011111         3    
741          1010011110011110111101111011111         3    
742          1010011110011110111101111011111         3    
743          1010011110011111110101111011111         3    
744          1011111110011111110101111011111         3    
745          1011111110011111111101111011111         2    
746          1011111010011111111101111011111         2    
747          1011111010011111111101111011111         2    
748          1011111010011111111101111011011         2    
749          1011111010011111111101111011011         2    
750          1011111010011111111101111011011         2    
751          1011111000011111111101111011011         0    
752          1011011000011111011101111011011         0    
753          1011011000011111011110001011011         0    
754          1011010100011111011110001011011         0    
755          1011010100011111011110001011011         0    
756          1011010100011111011110001011011         0    
757          1011010100011111011110011011011         0    
758          1011010100011111011110011011011         0    
759          1011010100011111011110101011011         0    
760          1010110100011111011110101011011         3    
761          1010110100011111011110101011011         3    
762          1000110100011111011110111011011         3    
763          1000110100011111011110111011011         3    
764          1000110100011111011110111010111         3    
765          1000110100011111011111001010111         3    
766          1000110110011011011111001010111         0    
767          1000110110011011111111001010111         0    
768          1000110110011011111111001010111         0    
769          1000110111011011111111001010111         0    
770          1000110111011011111111001010111         0    
771          110110111011011111111001010110          0    
772          110110111011011111111001010110          4    
773          110110111010111111111001010110          4    
774          100110110010111111111001010110          4    
775          100110110010111111111001010110          4    
776          1111111111111111111111111111111111111111111111111111111001010010        0    
777          1111111111111111111111111111111111111111111111111111111001010010        0    
778          1111111111111111111111111111111111111111111111111111111001010010        0    
779          1111111111111111111111111111111111111111111111111111110111010010        0    
780          1111111111111111111111111111111111111111111111111111110110010010        0    
781          1111111111111111111111111111111111111111111111111110110110010010        0    
782          1111111111111111111111111111111111111111111111111110110110010010        0    
783          1111111111111111111111111111111111111111111111111110110111010010        0    
784          1111111111111111111111111111111111111111111111111110110111010010        0    
785          1111111111111111111111111111111111111111111111111110110111010010        0    
786          1111111111111111111111111111111111111111111111111110110110010010        0    
787          1111111111111111111111111111111111111111111111111111110110010010        0    
788          1111111111111111111111111111111111111111111111111111110110010010        0    
789          1111111111111111111111111111111111111111111111111111110101010010        0    
790          1111111111111111111111111111111111111111111111111111110101010010        0    
791          1111111111111111111111111111111111111111111111111111110101010010        0    
792          1111111111111111111111111111111111111111111111111111101111010010        0    
793          1111111111111111111111111111111111111111111111111111101110010010        2    
794          1111111111111111111111111111111111111111111111111110101110010010        2    
795          1111111111111111111111111111111111111111111111111110101110010010        2    
796          11011111010111110101111010010           0    
797          11111111011111110101111010010           0    
798          101111111011111110101110010010          0    
799          101111111011111110101110010010          0    
800          110011111011111110101110010010          0    
801          110011111011111110111000010110          0    
802          110011111011111110111000010110          0    
803          1010111111011111110111000010110         0    
804          1010111111011111110111010010110         0    
805          1010111000011111110111010010110         1    
806          1010111000011111110111010010110         1    
807          1010111000011111110111100010110         1    
808          1010111000011111110111100011010         1    
809          1010111001011111111111100011010         1    
810          1010111101011111111111110011010         1    
811          1010111101011111111111110011010         1    
812          1010111101011111111111110011010         1    
813          1010111110011111111111110011010         1    
814          1010111010011111111111000011110         1    
815          1111111111111111111111111111111111111111110011111111111000011110        0    
816          1111111111111111111111111111111111111111110011111111111000011110        0    
817          1111111111111111111111111111111111111111111011111111111000011110        0    
818          1111111111111111111111111111111111111111111011111111111001011110        0    
819          1111111111111111111111111111111111111111111100011111111001011110        4    
820          1111111111111111111111111111111111111111110100011111111001011110        4    
821          1111111111111111111111111111111111111111110100011111111001011110        4    
822          1111111111111111111111111111111111111111110100011111111010011110        4    
823          1111111111111111111111111111111111111111110100011111111010011110        4    
824          1111111111111111111111111111111111111111110100011011111010011110        4    
825          1111111111111111111111111111111111111111111111111011111011011110        0    
826          1111111111111111111111111111111111111111111111111011111011011110        0    
827          1111111111111111111111111111111111111111111111111011111110011110        1    
828          1111111111111111111111111111111111111111111111111011111110011110        1    
829          1111111111111111111111111111111111111111111111111011111110011110        1    
830          1111111111111111111111111111111111111111111111111011111101011110        1    
831          1111111111111111111111111111111111111111110100111011111101011110        0    
832          1111111111111111111111111111111111111111110101011011111101011110        0    
833          1111111111111111111111111111111111111111111101011011111101011110        0    
834          1111111111111111111111111111111111111111111101011011111110011110        0    
835          1111111111111111111111111111111111111111110101011011111110011110        2    
836          1111111111111111111111111111111111111111110101011011111110011110        2    
837          1111111111111111111111111111111111111111110101011011111110011110        2    
838          1111111111111111111111111111111111111111110101011011111110011110        2    
839          1111111111111111111111111111111111111111111101011101111110011110        2    
840          1111111111111111111111111111111111111111111101011100111110011110        2    
841          1111111111111111111111111111111110100111101101111100111110010010        0    
842          1111111111111111111111111111111110100111100101111100111110010010        0    
843          1111111111111111111111111111111110110111100101111100111110010010        1    
844          1111111111111111111111111111111110110111100101111101111110010010        1    
845          1111111111111111111111111111111110100110111101111101111110010010        1    
846          1111111111111111111111111111111110100110111101111101111110010011        1    
847          1111111111111111111111111111111111111111111101011101111110010011        0    
848          1111111111111111111111111111111111111111111101011101111111010011        0    
849          1111111111111111111111111111111111111111111101011111111111010011        0    
850          1111111111111111111111111111111111111111111101011111111111010011        4    
851          1111111111111111111111111111111111111111111101011111111111010011        4    
852          1111111111111111111111111111111111111111111011110110111111010011        4    
853          1111111111111111111111111111111111111111111011110110111111010011        4    
854          1111111111111111111111111111111111111111111011110111111111010011        4    
855          1111111111111111111111111111111111111111111111110111111111010011        0    
856          1111111111111111111111111111111111111111111111110111111000010011        0    
857          1111111111111111111111111111111111111111111111110111110110010011        0    
858          1111111111111111111111111111111111111111111111110111110110010011        0    
859          1111111111111111111111111111111111111111111111110111110100010011        0    
860          1111111111111111111111111111111111111111111111110111110100010011        0    
861          1111111111111111111111111111111111111111111111110111110100010011        3    
862          1111111111111111111111111111111111111111111111110111110010010011        3    
863          1111111111111111111111111111111111111111111111111101110011010011        3    
864          1111111111111111111111111111111111111111111111111101110001010011        3    
865          1111111111111111111111111111111111111111111111111101110001010011        3    
866          1111111111111111111111111111111111111111111111111101110001010011        3    
867          1111111111111111111111111111111111111111111111111101111111010011        3    
868          1111111111111111111111111111111110111111111011111101111111010011        3    
869          1111111111111111111111111111111110111111111011111101111111010011        3    
870          1111111111111111111111111111111110111111111011111110111111010011        3    
871          1111111111111111111111111111111110111111111011111110111110010011        3    
872          1111111111111111111111111111111110111111111011011110111110010011        3    
873          1111111111111111111111111111111110111111111011011111111110010011        3    
874          1111111111111111111111111111111110111111111011011111111110010011        3    
875          1111111111111111111111111111111110110111111011011111111110010011        3    
876          1111111111111111111111111111111110110111111011011000111110010011        3    
877          1111111111111111111111111111111110111010111011011111111110010011        3    
878          1111111111111111111111111111111110111010111011011111111110010111        3    
879          1111111111111111111111111111111110111010111011011111111110010111        2    
880          1111111111111111111111111111111110111010111011011111111110010111        2    
881          1111111111111111111111111111111110111110111011011110111110010111        2    
882          1111111111111111111111111111111110111110111011011111111110010111        2    
883          1111111111111111111111111111111110111110111011111111111110010111        0    
884          1111111111111111111111111111111110111110111011111111111110010111        0    
885          1111111111111111111111111111111110111110111011111111110010010111        0    
886          1111111111111111111111111111111110111110111011111111110010010111        3    
887          1111111111111111111111111111111110111110111011111111110010010111        3    
888          1111111111111111111111111111111110111010111011111111110010010111        3    
889          1111111111111111111111111111111110111011111011111111110110010111        3    
890          1111111111111111111111111111111110111011111011111111110110010111        3    
891          1111111111111111111111111111111110111011111011111111110110011011        3    
892          1111111111111111111111111111111110111011111011111111110110011011        3    
893          1111111111111111111111111111111110111011111011111111110110011011        3    
894          1111111111111111111111111111111110111011111011111111111010011011        3    
895          1111111111111111111111111111111110111011110011111111111010011011        0    
896          1111111111111111111111111111111110111011110011111111111010011011        4    
897          1111111111111111111111111111111110111011110011111111111010011011        4    
898          1111111111111111111111111111111110111011110011111100111010011011        4    
899          1111111111111111111111111111111110111011110011111100111010011011        4    
900          1111111111111111111111111111111110111011110011111101111010011011        4    
901          1111111111111111111111111111111110111011110011111101111010011011        4    
902          1111111111111111111111111111111110111011111011111110111010011011        4    
903          1111111111111111111111111111111111111111111111111110111010011011        0    
904          1111111111111111111111111111111111111111111111111110111010011011        0    
905          1111111111111111111111111111111111111111111111111110111010011011        0    
906          1111111111111111111111111111111111111111111111111110110110011011        0    
907          1111111111111111111111111111111111111111111111111110110110011111        0    
908          1111111111111111111111111111111111111111111111111110110110011111        0    
909          1111111111111111111111111111111111111111111111111110110110011111        0    
910          1111111111111111111111111111111111111111111111111110110010011111        0    
911          1111111111111111111111111111111111111111111111111111110010011111        0    
912          1111111111111111111111111111111111111111111111111111110010011111        0    
913          1111111111111111111111111111111111111111111111111111110010011111        0    
914          1111111111111111111111111111111111111111111111111111110010011111        0    
915          1111111111111111111111111111111111111111111111111111110010011111        0    
916          1111111111111111111111111111111111111111111111111111111110011111        0    
917          1111111111111111111111111111111111111111111111111110111110011111        0    
918          1111111111111111111111111111111111111111111111111110111110011111        0    
919          1111111111111111111111111111111111111111111111111110111110011111        0    
920          1111111111111111111111111111111111111111111111111110111110011111        0    
921          1111111111111111111111111111111111111111111111111110111010011111        0    
922          1111111111111111111111111111111111111111111111111110111010110011        0    
923          1111111111111111111111111111111111111111111111111110111010110011        0    
924          1111111111111111111111111111111111111111111111111110111010110011        0    
925          1111111111111111111111111111111111111111111111111110111010110011        0    
926          1111111111111111111111111111111111111111111111111110111010110011        0    
927          1111111111111111111111111111111111111111111111111110110110110011        0    
928          1111111111111111111111111111111111111111111111111110110110110011        0    
929          1111111111111111111111111111111111111111111111111110110110110011        0    
930          1111111111111111111111111111111111111111111111111110110110110011        0    
931          1111111111111111111111111111111111111111111111111111110110110011        0    
932          1111111111111111111111111111111111111111111111111111110010110011        0    
933          1111111111111111111111111111111111111111111111111111110010110011        0    
934          1111111111111111111111111111111111111111111111111111110010110011        0    
935          1111111111111111111111111111111111111111111111111111110010110011        0    
936          1111111111111111111111111111111111111111111111111110110010110011        0    
937          1111111111111111111111111111111111111111111111111110011110110111        0    
938          1111111111111111111111111111111111111111111111111110111110110111        0    
939          1111111111111111111111111111111111111111111111111110111110110111        0    
940          1111111111111111111111111111111111111111111111111110111110110111        0    
941          1111111111111111111111111111111111111111111111111110111010110111        0    
942          1111111111111111111111111111111111111111111111111110111010110111        0    
943          1111111111111111111111111111111111111111111111111110111010110111        0    
944          1111111111111111111111111111111111111111111111111110111010110111        0    
945          1111111111111111111111111111111111111111111111111110011010110111        0    
946          1111111111111111111111111111111111111111111111111110010110110111        0    
947          1111111111111111111111111111111111111111111111111110010110110111        0    
948          1111111111111111111111111111111111111111111111111111110110110111        0    
949          1111111111111111111111111111111111111111111111111111110110110111        0    
950          1111111111111111111111111111111111111111111111111111010110110111        0    
951          1111111111111111111111111111111111111111111111111111010110111011        0    
952          1111111111111111111111111111111111111111111111111111010010111011        0    
953          1111111111111111111111111111111111111111111111111111010010111011        0    
954          1111111111111111111111111111111111111111111111111111010010111011        0    
955          1111111111111111111111111111111111111111111111111110110010111011        0    
956          1111111111111111111111111111111111111111111111111110110010111011        0    
957          1111111111111111111111111111111111111111111111111110111110111011        0    
958          1111111111111111111111111111111111111111111111111110011111111011        0    
959          1111111111111111111111111111111111111111111111111110011101111011        0    
960          1111111111111111111111111111111111111111111111111111111101111011        0    
961          1111111111111111111111111111111111111111111111111111111011111011        0    
962          1111111111111111111111111111111111111111111111111111011011111011        0    
963          1111111111111111111111111111111111111111111111111111011011111011        0    
964          1111111111111111111111111111111111111111111111111111011001111011        0    
965          1111111111111111111111111111111111111111111111111110111000111011        0    
966          1111111111111111111111111111111111111111111111111110110110111011        0    
967          1111111111111111111111111111111111111111111111111110110110111011        0    
968          1111111111111111111111111111111111111111111111111110110100111011        1    
969          1111111111111111111111111111111111111111111111111110110100111011        1    
970          1111111111111111111111111111111111111111111111111110110010111011        1    
971          1111111111111111111111111111111111111111110011011110101111111011        0    
972          1111111111111111111111111111111111111111110011111110101111111011        0    
973          1111111111111111111111111111111111111111110011111101101111111011        0    
974          1111111111111111111111111111111111111111110011111101101111111011        2    
975          1111111111111111111111111111111111111111110011111101101111111011        2    
976          1111111111111111111111111111111111111111110011111100101111111011        2    
977          1111111111111111111111111111111111111111110100011100101111111011        2    
978          1111111111111111111111111111111111111111110100011111101111111011        2    
979          1111111111111111111111111111111111101111100100111111101110111011        0    
980          1111111111111111111111111111111111101111100100111111101110111011        0    
