time         game_state
0            1111111111111111111111111111111111111111111111111110011111011110        0    
1            1111111111111111111111111111111111111111111111111110111111011110        0    
2            1111111111111111111111111111111111111111111111111110111111011110        0    
3            1111111111111111111111111111111111111111111111111111011111110010        0    
4            1111111111111111111111111111111111111111111111111111011111110010        0    
5            1111111111111111111111111111111111111111111111111111111111110010        2    
6            1111111111111111111111111111111111111111111111111111111111110010        2    
7            1111111111111111111111111111111110110111001011111111111111110010        0    
8            1111111111111111111111111111111110110110100011111000011110110010        0    
9            1111111111111111111111111111111110110110100011111000011110110010        0    
10           1111111111111111111111111111111110110111111011111000111111110010        0    
11           1111111111111111111111111111111110110111111011111000111101110010        0    
12           1111111111111111111111111111111110110101110011111000111101110010        0    
13           1111111111111111111111111111111110110101110011111000111111110010        0    
14           1111111111111111111111111111111110110101101011111000111111011110        1    
15           1111111111111111111111111111111110110101101011111000101101011110        1    
16           1111111111111111111111111111111111111111111011011000101101011110        0    
17           1111111111111111111111111111111111111111110011011000101100011110        0    
18           1111111111111111111111111111111111111111110011011111101100011110        0    
19           1111111111111111111111111111111111111111110011010111101011011110        2    
20           1111111111111111111111111111111111111111110011010111101011011110        2    
21           1111111111111111111111111111111111111111110011010111101011011110        2    
22           1111111111111111111111111111111111111111110011010111101011011110        2    
23           1111111111111111111111111111111111111101100011110111101011011110        0    
24           1111111111111111111111111111111111111101100011110111101011011110        0    
25           1111111111111111111111111111111111111101101011110111101011110010        0    
26           1111111111111111111111111111111111111101110011110111101011110010        0    
27           1111111111111111111111111111111111111101110011110111101111110010        0    
28           111101111011110111101111110110          0    
29           111101111011110111101111110110          0    
30           111110100011110111101111110110          0    
31           111110100011110111101011110110          0    
32           111110101011110111101011111010          0    
33           111110101011110111101011111010          0    
34           111111001011110111101110111010          0    
35           111111001011110111101100111010          0    
36           110111101011110111101101111010          0    
37           110111101011110111101111111010          0    
38           110110000011111101101110111010          0    
39           110110000011111101111110111010          0    
40           110111111011111101111110111010          0    
41           110111111011111101111110111010          0    
42           110111110011111101111110111110          0    
43           110111110011111101111110111110          0    
44           110111101011111101111110111110          3    
45           110111101011111101111110111110          3    
46           111101100011111101111111111110          3    
47           111101100011111101111111111110          3    
48           111101110011011101111111111110          0    
49           111001110011010111111000111110          3    
50           111001110011010111111000111110          3    
51           111101110011010111111001111110          3    
52           111101110011010111111001111110          3    
53           111101111010110111111010111110          4    
54           111101111010111111111010111111          4    
55           1111111111111111111111111111111111111111111111111111111010111111        0    
56           1111111111111111111111111111111111111111111111111111110110111111        0    
57           1111111111111111111111111111111111111111111111111111110110111111        3    
58           111101111010111111110110111111          0    
59           111111110010111111110111111111          0    
60           111111110010111111110111111111          0    
61           111111110010111111110111111111          4    
62           111111110010111111110111111111          4    
63           1111111111111111111111111111111111111111111111111111110111111111        0    
64           1111111111111111111111111111111111111111111111111011110100111111        0    
65           1111111111111111111111111111111111111111111111111011110110111111        0    
66           1111111111111111111111111111111111111111111111111011110100111111        1    
67           1111111111111111111111111111111111111111111111111011111110111111        1    
68           1111111111111111111111111111111111111111111010111011111110111111        0    
69           1111111111111111111111111111111111111111110010111011111111111111        0    
70           1111111111111111111111111111111111111111110010111010111111111111        0    
71           1111111111111111111111111111111111111111110010111001111111111111        0    
72           1111111111111111111111111111111111111111110010111000111111111111        0    
73           1111111111111111111111111111111111111111111010011000111111111111        0    
74           1111111111111111111111111111111111111111111010011111111111111111        4    
75           1111111111111111111111111111111111111111111010011110111111111111        4    
76           1111111111111111111111111111111111111111111010011101111111111111        4    
77           1111111111111111111111111111111111111111111111111101111111111011        4    
78           1111111111111111111111111111111111111111111111111101101111011111        4    
79           1111111111111111111111111111111111111111111111111101101111011111        4    
80           1111111111111111111111111111111111111111111111111101101111011111        4    
81           1111111111111111111111111111111111111111111111111101101111011111        4    
82           1111111111111111111111111111111111111111111111111101101111110011        4    
83           1111111111111111111111111111111111111111111111111101101111110011        4    
84           1111111111111111111111111111111111111111111111111101101111110011        4    
85           1111111111111111111111111111111111111111111111111101101111110011        4    
86           1111111111111111111111111111111111111111111111111101101110110011        4    
87           1111111111111111111111111111111111111111111111111101101110110011        3    
88           1111111111111111111111111111111111111111111111111101101101110011        3    
89           1111111111111111111111111111111111111111111111111101101111110011        3    
90           1111111111111111111111111111111111111111111111111101101111110011        3    
91           1111111111111111111111111111111111111111111111111101101101110011        3    
92           1111111111111111111111111111111111111110010010011101101101110011        3    
93           1111111111111111111111111111111111111110010010011101101101011111        3    
94           1111111111111111111111111111111111111110010010011111101101011111        3    
95           1111111111111111111111111111111110111111111010011111101101011111        2    
96           1111111111111111111111111111111110111111111010011111101101011111        2    
97           1111111111111111111111111111111110111111111010011111101101011011        2    
98           1111111111111111111111111111111110111111111010011001101101011011        2    
99           1111111111111111111111111111111110111111111010111001101101011011        0    
100          1111111111111111111111111111111110111111111010111001101101011011        2    
101          1111111111111111111111111111111110111111111010111001101111011011        2    
102          1111111111111111111111111111111110111001110010111010101110011011        2    
103          1111111111111111111111111111111110111001110010111010101110011011        2    
104          1111111111111111111111111111111110111001110010111010101111011011        2    
105          1111111111111111111111111111111110111001110010111010101111011011        2    
106          1111111111111111111111111111111110111001110010111010101111011011        2    
107          1111111111111111111111111111111110111001110010111010101111011011        2    
108          1111111111111111111111111111111110111101110001111010101111011011        2    
109          1111111111111111111111111111111110111101110001111010101111011111        2    
110          1111111111111111111111111111111110111101110001111010101111011111        2    
111          1111111111111111111111111111111110111101110001111010101111011111        3    
112          1111111111111111111111111111111110111101110001111010101111011111        3    
113          1111111111111111111111111111111110111101110001111010101111110011        3    
114          1111111111111111111111111111111110111101110001111010101111110011        3    
115          1111111111111111111111111111111110111101110001111010101111110011        0    
116          1111111111111111111111111111111110111101111001111010101111110011        0    
117          1111111111111111111111111111111110111101111001111010101111110011        2    
118          1111111111111111111111111111111110111101111001111011101111110011        2    
119          1111111111111111111111111111111110111101111001111011101110110011        2    
120          1111111111111111111111111111111110111101111001111010101110110011        2    
121          1111111111111111111111111111111110111101111001111010101111110011        2    
122          1111111111111111111111111111111110111101111001111011101111110011        2    
123          1111111111111111111111111111111110111001101001111011101111110011        2    
124          1111111111111111111111111111111110111001101001111011101111110011        2    
125          1111111111111111111111111111111110111001101001111011111101110011        2    
126          1111111111111111111111111111111110111001101001111011111101011111        2    
127          1111111111111111111111111111111110111001101001111011111111011111        2    
128          1111111111111111111111111111111110111001101001111011111110011111        2    
129          1111111111111111111111111111111110101101101001111011111100011111        2    
130          1111111111111111111111111111111110101101101001111011111111011111        3    
131          1111111111111111111111111111111110101101101001111011111111011111        3    
132          1111111111111111111111111111111110101101101001111011111111011111        3    
133          1111111111111111111111111111111110101101101001111011111011011111        3    
134          1111111111111111111111111111111110101101111001011011111011011111        0    
135          1111111111111111111111111111111110101101111001011011111011110011        0    
136          1111111111111111111111111111111110111001111001011101111011110011        0    
137          1111111111111111111111111111111110111001111001011101111011110011        4    
138          1111111111111111111111111111111110111001111001011101111011110011        4    
139          1111111111111111111111111111111110111001111001011101111011110111        4    
140          1111111111111111111111111111111110111001111001011111111011110111        4    
141          1111111111111111111111111111111111111111111111111111111011110111        0    
142          1111111111111111111111111111111111111111111111111110111011110111        4    
143          1111111111111111111111111111111111111111111111111110111111110111        4    
144          1111111111111111111111111111111111111111111111111110111111111011        4    
145          1111111111111111111111111111111111111111111111111110111111111011        4    
146          1111111111111111111111111111111111111111111111111110111100111011        4    
147          1111111111111111111111111111111111111111111111111110111110111011        4    
148          1111111111111111111111111111111111111111111111111110111111111011        4    
149          1111111111111111111111111111111111111111111111111110111101111011        4    
150          1111111111111111111111111111111111111111111111111110111110111011        4    
151          1111111111111111111111111111111111111111111111111110101110111011        4    
152          1111111111111111111111111111111111111111111111111110101110111011        4    
153          1111111111111111111111111111111111111111111111111110101110111011        4    
154          1111111111111111111111111111111111111111111111111110101110111011        4    
155          1111111111111111111111111111111111111111111111111110101110111111        4    
156          1111111111111111111111111111111111111111111111111110101110111111        4    
157          1111111111111111111111111111111111111111111111111110101110111111        4    
158          1111111111111111111111111111111111111111111111111110101110111111        4    
159          1111111111111111111111111111111111111111111111111110101110110011        4    
160          1111111111111111111111111111111111111111111111111110101110110011        4    
161          1111111111111111111111111111111111111111111111111110101110110011        4    
162          1111111111111111111111111111111111111111111111111110101110110011        4    
163          1111111111111111111111111111111111111111111111111110101110110011        4    
164          1111111111111111111111111111111111111111111111111110101110110111        4    
165          1111111111111111111111111111111111111111111111111110101110110111        1    
166          1111111111111111111111111111111111111111111111111110101110110111        1    
167          1111111111111111111111111111111111111111111111111110101110110111        1    
168          1111111111111111111111111111111111111111111000111110101110110111        0    
169          1111111111111111111111111111111111111111111000111110101110111011        0    
170          1111111111111111111111111111111111111111111000111101101110111011        0    
171          1111111111111111111111111111111111111111111000111101101110111011        0    
172          1111111111111111111111111111111111111111111000111100101110111011        2    
173          1111111111111111111111111111111111111111111000111100101110010011        2    
174          1111111111111111111111111111111111111111111000011011101110010011        2    
175          1111011001000111011101110010011         0    
176          1111011001000111011101110010010         0    
177          1111011001000111011101110010010         0    
178          1111111001000111011101110010010         0    
179          1111111001000111011101110010110         0    
180          1111111001000111011101110010110         0    
181          1011111010000111011101110010110         0    
182          1011111010000111011101110010110         0    
183          1011111010000111011101110010110         0    
184          1011101111000111011101110010110         1    
185          1011101111000111011101110011010         1    
186          1011101111000111011101110011010         1    
187          1111111111111111111111111111111111111111111000011011101110011010        0    
188          1111111111111111111111111111111111111111110000011011101110011010        0    
189          1111111111111111111111111111111111111111110000011011101110011010        0    
190          1111111111111111111111111111111111111111110000011010101110011010        0    
191          1111111111111111111111111111111111111111111000011010101110011010        0    
192          1111111111111111111111111111111111111111111000011010101110011110        0    
193          1111111111111111111111111111111111111111111000011011101110011110        3    
194          1011101111000011011101110011110         0    
195          1011101110000011011101110011110         4    
196          1011101110000011011101111011110         4    
197          1011101110000011011101111011110         4    
198          1011101111000011011101111011110         4    
199          1011101111000011011111000011110         4    
200          1011101111000011011111000011110         4    
201          1111111111111111111111111111111111111111111111111011111000011110        0    
202          1111111111111111111111111111111111111111111111111011111000011110        0    
203          1111111111111111111111111111111111111111111111111011111001011110        0    
204          1111111111111111111111111111111111111111111111111011110111011110        0    
205          1111111111111111111111111111111111111111111111111011110111011110        0    
206          1111111111111111111111111111111111111111111111111011110110011110        0    
207          1111111111111111111111111111111111111111111111111011110110011110        0    
208          1111111111111111111111111111111111111111111111111011110110011110        0    
209          1111111111111111111111111111111111111111111111111011110111011110        0    
210          1111111111111111111111111111111111111111111111111011110011011110        0    
211          1111111111111111111111111111111111111111111111111011110011011110        3    
212          1111111111111111111111111111111111111111111111111011110110011110        3    
213          1111111111111111111111111111111111111111111111111011110100011110        3    
214          11010110001011011110100011110           0    
215          11111010001011011110100011110           0    
216          11111010001011011110101011110           0    
217          11111010001011111110101011110           0    
218          11111111001011110110101011110           4    
219          11111111001011110110110011110           4    
220          11111111001011111110110011110           4    
221          11110010001011111110110011110           4    
222          11110010001011111110111011110           4    
223          11110010001011110110111011110           4    
224          1111111111111111111111111111111111111111111111111110110111011110        0    
225          1111111111111111111111111111111111111111111111111110110111011110        0    
226          1111111111111111111111111111111111111111111111111110111000011110        0    
227          1111111111111111111111111111111111111111111111111110011110011110        0    
228          1111111111111111111111111111111111111111111111111110011110011110        0    
229          1111111111111111111111111111111111111111111111111110011110011110        0    
230          1111111111111111111111111111111111111111111111111110011100011110        0    
231          1111111111111111111111111111111111111111111111111110011100011110        0    
232          1111111111111111111111111111111111111111111111111110011100010010        0    
233          1111111111111111111111111111111111111111111111111110011010010010        0    
234          1111111111111111111111111111111111111111111111111111111010010010        0    
235          1111111111111111111111111111111111111111111111111111111010010010        0    
236          1111111111111111111111111111111111111111111111111111111000010010        0    
237          1111111111111111111111111111111111111111111111111111011000010010        0    
238          1111111111111111111111111111111111111111111111111111011001010010        0    
239          1111111111111111111111111111111111111111111111111111011111010010        0    
240          1111111111111111111111111111111111111111111111111110111111010010        0    
241          1111111111111111111111111111111111111111111111111110111110010010        0    
242          1111111111111111111111111111111111111111111111111110111110010010        0    
243          1111111111111111111111111111111111111111111111111110011110010010        0    
244          1111111111111111111111111111111111111111111111111110011111010010        0    
245          1111111111111111111111111111111111111111111111111110011011010010        0    
246          1111111111111111111111111111111111111111111111111110011011010010        0    
247          1111111111111111111111111111111111111111111111111110011011010110        0    
248          1111111111111111111111111111111111111111111111111110011011010110        0    
249          1111111111111111111111111111111111111111111111111110011011010110        0    
250          1111111111111111111111111111111111111111111111111110011011010110        0    
251          1111111111111111111111111111111111111111111111111110011111010110        0    
252          1111111111111111111111111111111111111111111111111110011111010110        0    
253          1111111111111111111111111111111111111111111111111110011111011010        0    
254          1111111111111111111111111111111111111111111111111110011111011010        0    
255          1111111111111111111111111111111111111111111111111111111111011010        0    
256          1111111111111111111111111111111111111111111111111111111111011010        0    
257          1111111111111111111111111111111111111111111111111111111011011010        0    
258          1111111111111111111111111111111111111111111111111111011011011010        0    
259          1111111111111111111111111111111111111111111111111111011110011010        1    
260          1111111111111111111111111111111111111111111111111111011100011010        1    
261          1111111111111111111111111111111111111111111111111110111100011010        1    
262          1111111111111111111111111111111111111111111111111110111101011010        1    
263          1111111111111111111111111111111111111111111111111110111111011010        1    
264          1111111111111111111111111111111111111111111111111110011111011010        1    
265          1111111111111111111111111111111111111111111111111110011110011010        1    
266          1111111111111111111111111111111111111111111111111110011110011010        1    
267          1111111111111111111111111111111111111111111111111111111110011010        1    
268          1111111111111111111111111111111111111111111111111111111110011010        1    
269          1111111111111111111111111111111111111111111111111111111110011010        1    
270          1111111111111111111111111111111111111111110010111111111110011010        1    
271          1111111111111111111111111111111111111111111010111111011110011010        1    
272          1111111111111111111111111111111111111111111010111111011110010110        1    
273          1111111111111111111111111111111111111111111010111101011110010110        1    
274          1111111111111111111111111111111111111111110010111101111110010110        1    
275          1111111111111111111111111111111111111111110010111101111110010110        2    
276          1111111111111111111111111111111111111111110010111100111110010110        2    
277          1111111111111111111111111111111111111111111011011100111110010110        2    
278          1111111111111111111111111111111111111111111011011100111110010010        2    
279          1111111111111111111111111111111111111111111011011111111110010010        2    
280          1111111111111111111111111111111110111010001011111111111110010010        0    
281          1111111111111111111111111111111110101010000011111111111110010010        0    
282          1111111111111111111111111111111110101010000011111111111110010010        0    
283          1111111111111111111111111111111110101010000011111111111110010010        2    
284          1111111111111111111111111111111110111110000011111111111110010010        2    
285          1111111111111111111111111111111110111110000011111111111110011110        2    
286          1111111111111111111111111111111110111110000011111111111110011110        2    
287          1111111111111111111111111111111110111111100011111111011110011110        2    
288          1111111111111111111111111111111110111111100011111111011110011110        2    
289          1111111111111111111111111111111110111111100011111111011110011110        2    
290          1111111111111111111111111111111110111111000011111011111110011110        2    
291          1111111111111111111111111111111110111111000011111011111110011010        1    
292          1111111111111111111111111111111110111111000011111011111110011010        1    
293          1111111111111111111111111111111110111111111011111011011110011010        1    
294          1111111111111111111111111111111110111111111011111011011110011010        1    
295          1111111111111111111111111111111110111111111011111011011110011010        1    
296          1111111111111111111111111111111111111111111011111011011110011010        0    
297          1111111111111111111111111111111111111111110011111011011110011010        0    
298          1111111111111111111111111111111111111111110011111011011110010110        0    
299          1111111111111111111111111111111111111111110011111011011110010110        0    
300          1111111111111111111111111111111111111111111100011011011110010110        2    
301          1111111111111111111111111111111111111111111100011011011110010110        2    
302          1111111111111111111111111111111111111111111100011011011110010110        2    
303          1111111111111111111111111111111111111111110100011011011110010110        2    
304          1111111111111111111111111111111111111111110100011011011110010010        2    
305          1111111111111111111111111111111111111111110100011011011110010010        2    
306          1111111111111111111111111111111110111101100100111011011110010010        0    
307          1111111111111111111111111111111110111101111100111011011110010010        0    
308          1111111111111111111111111111111110111101111100111011011101010010        2    
309          1111111111111111111111111111111110111101111100111011011111010010        3    
310          1111111111111111111111111111111111101101110100111011011111010010        3    
311          1111111111111111111111111111111111101101110100111011011110010010        3    
312          1111111111111111111111111111111111101101110100111011011100010010        3    
313          1111111111111111111111111111111111111101101101111011011100010010        3    
314          1111111111111111111111111111111111111101101101111011011011010010        3    
315          1111111111111111111111111111111111111101101101111011011011010010        3    
316          1111111111111111111111111111111111111101111101011011011011010010        0    
317          1111111111111111111111111111111111110101111101011011011011010010        3    
318          1111111111111111111111111111111111110101111101011011011011010110        3    
319          1111111111111111111111111111111111110101111101011011011011010110        3    
320          1111111111111111111111111111111111110101111101011011111011010110        3    
321          1111111111111111111111111111111111110101111101011011111011010110        2    
322          1111111111111111111111111111111111110101111101011011111011010110        2    
323          111101111101011110011011010110          2    
324          111101111101011110011010010110          2    
325          111101111101011111011010010110          2    
326          111101101101111111011010010110          0    
327          111101101101111111111010010110          0    
328          111101101101111111111011010110          0    
329          111101101101111111111101010110          0    
330          1100101101101111111111101010110         0    
331          1100101101101111111111100010110         0    
332          1100101101101111111111110010110         0    
333          1100101001100111111111110010110         0    
334          1100101001100111111111110010110         3    
335          1100101001100111111111000010110         3    
336          1101101101100111111111000010110         3    
337          1101101101100111111111000010010         3    
338          1101101101100111111111010010010         3    
339          1101101111100111111111010010010         0    
340          1101111010100111111011010010010         0    
341          1101111010100111111011111010010         0    
342          1101111010100111101011111010010         0    
343          1101111111100111101111111010010         2    
344          1101111111100111101111110010010         2    
345          1101111111100111101111110010010         2    
346          1101111110100111111011110010010         2    
347          1101111110100111111011111010010         2    
348          1101111110100111110011111010010         2    
349          1101111100100111110011111010010         0    
350          1101111101100111110111111010010         0    
351          1101111101100111110111111010110         0    
352          1101111101100111110111101010110         0    
353          1101001110100111111011101010110         0    
354          1101001110100111111011101010110         0    
355          1101001110100111111011111010110         0    
356          1101001111100111111111111010110         4    
357          1101001111100111111111111011010         4    
358          1101001111100111111110101011010         4    
359          1111111111111111111111111111111111111111111111111111110101011010        0    
360          1111111111111111111111111111111111111111111111111110110101011010        0    
361          1111111111111111111111111111111111111111111111111110110101011010        1    
362          1111111111111111111111111111111111111111111111111110011111011010        1    
363          1111111111111111111111111111111111111111111111111110111111011010        1    
364          1111111111111111111111111111111111111111111111111110111111011110        1    
365          1111111111111111111111111111111111111111111111111110111101011110        1    
366          1111111111111111111111111111111111111111111111111111011101011110        1    
367          1111111111111111111111111111111111111111111111111111011110011110        1    
368          1111111111111111111111111111111111111111111111111111011110011110        1    
369          1111111111111111111111111111111111111111110100111111011110011110        1    
370          1111111111111111111111111111111111111111111100111111111110011110        1    
371          1111111111111111111111111111111111111111111100111111111111011110        1    
372          1111111111111111111111111111111111111111111100111101111111011110        1    
373          1111111111111111111111111111111111111111110100111111011111011110        1    
374          1111111111111111111111111111111111111111110100111111011010011110        1    
375          1111111111111111111111111111111111111111110100111110011010011110        1    
376          1111111111111111111111111111111111111111110100111110011010011110        1    
377          1111111111111111111111111111111111111111110100111110011010011110        1    
378          1111111111111111111111111111111111111111110100111011011010011110        3    
379          1011110110100111011011010011110         0    
380          1011011110101011011011010011110         0    
381          1011011110101011011011010010010         0    
382          1011011110101011110011010010010         0    
383          1011111110101011110011010010010         0    
384          1011111110101011110011010010010         4    
385          1011111110101011111011010010010         4    
386          1011110111101011101111010010010         4    
387          1011110111101011101111010010110         4    
388          1011110111101011111111010010110         4    
389          1111111111111111111111111111111111111111111111111111111010010110        0    
390          1111111111111111111111111111111111111111111111111111011010010110        0    
391          1111111111111111111111111111111111111111111111111111011010010110        0    
392          1111111111111111111111111111111111111111111111111111011000010110        4    
393          1111111111111111111111111111111111111111111111111110111000010110        4    
394          1111111111111111111111111111111111111111111111111110111000011010        4    
395          1111111111111111111111111111111111111111111111111110111110011010        4    
396          1111111111111111111111111111111111111111111111111110011110011010        4    
397          1111111111111111111111111111111111111111111111111110011110011010        4    
398          1111111111111111111111111111111111111111111111111110011100011010        4    
399          1111111111111111111111111111111111111111111111111110011100011010        4    
400          1111111111111111111111111111111111111111111111111110010111011010        4    
401          1111111111111111111111111111111111111111111111111110010111011010        4    
402          1111111111111111111111111111111111111111111111111110010111011010        4    
403          1111111111111111111111111111111111111111111111111110010110011010        4    
404          1111111111111111111111111111111111111111111111111110010110011010        4    
405          1111111111111111111111111111111111111111111111111110010110011010        4    
406          1111111111111111111111111111111111111111111111111110010101011010        4    
407          1111111111111111111111111111111111111111111111111110011111011010        4    
408          1111111111111111111111111111111111111111111111111111111111011010        4    
409          1111111111111111111111111111111111111111111111111111111111011010        4    
410          1111111111111111111111111111111111111111111111111111111101011010        1    
411          1111111111111111111111111111111111111111111111111111011101011010        1    
412          1111111111111111111111111111111111111111111111111111011101010110        1    
413          1111111111111111111111111111111111111111111111111111011111010110        1    
414          1111111111111111111111111111111111111111111111111110111111010110        1    
415          1111111111111111111111111111111111111111111111111110111111010110        1    
416          1111111111111111111111111111111111111111111111111110111101010110        1    
417          1111111111111111111111111111111111111111111111111110011101010110        1    
418          1111111111111111111111111111111111111111111111111110011101010010        1    
419          1111111111111111111111111111111111111111111111111110010111010010        1    
420          1111111111111111111111111111111111111111111111111111110111010010        1    
421          1111111111111111111111111111111111111111111111111111110111010010        1    
422          1111111111111111111111111111111111111111111111111111110101010010        1    
423          1111111111111111111111111111111111111111111111111111010101010010        1    
424          1111111111111111111111111111111111111111111111111111010101011110        1    
425          1111111111111111111111111111111111111111111111111111010111011110        1    
426          1111111111111111111111111111111111111111110110011111010111011110        0    
427          1111111111111111111111111111111111111111111110011110110111011110        0    
428          1111111111111111111111111111111111111111111110011110110111011110        2    
429          1111111111111111111111111111111111111111111110011101110111011110        2    
430          1111111111111111111111111111111111111111111110011101110111011110        2    
431          1111111111111111111111111111111111111111111110011101110110011110        2    
432          1111111111111111111111111111111111111111111110011100110110011110        2    
433          1111111111111111111111111111111111111111111110111100110110011110        2    
434          1111111111111111111111111111111111111111111110111100110111011110        2    
435          1111111111111111111111111111111111111111111110111111110111011110        2    
436          1111111111111111111111111111111111111101001110111111110111011110        0    
437          1111111111111111111111111111111111111101101110111111110111011110        1    
438          1111111111111111111111111111111111111101101110111111111010011110        1    
439          1111111111111111111111111111111111111101101110111111111100011110        1    
440          1111111111111111111111111111111111111111010110111111011100011110        1    
441          1111111111111111111111111111111111111111010110111111011101011110        1    
442          1111111111111111111111111111111111111111010110111111011111011110        1    
443          1111111111111111111111111111111111111111110110111111011111011110        1    
444          1111111111111111111111111111111111111111111110111111111111011110        1    
445          1111111111111111111111111111111111111111111110111111111110011110        1    
446          1111111111111111111111111111111111111111111110111111111110011110        1    
447          1111111111111111111111111111111111111111110110111110011110011110        1    
448          1111111111111111111111111111111111111111110110111110011111011110        1    
449          1111111111111111111111111111111111111111110110111111011111011110        1    
450          1111111111111111111111111111111111111111111110111111111111011110        4    
451          1111111111111111111111111111111111111111111110111111111111011010        4    
452          1111111111111111111111111111111111111111111110111110111111011010        4    
453          1111111111111111111111111111111111111111111111111110111111011010        0    
454          1111111111111111111111111111111111111111111111111110111111011010        0    
455          1111111111111111111111111111111111111111111111111110111111011010        0    
456          1111111111111111111111111111111111111111111111111110111111011010        1    
457          1111111111111111111111111111111111111111111111111110111111011010        1    
458          1111111111111111111111111111111111111111111111111110111111010110        1    
459          1111111111111111111111111111111111111111111111111110111011010111        1    
460          1111111111111111111111111111111111111111111111011110111011010111        0    
461          1111111111111111111111111111111111111111111111010111111011010111        2    
462          1111111111111111111111111111111111111111111111010110111011010111        2    
463          1111111111111111111111111111111111111111111111110110111011010111        2    
464          1111111111111111111111111111111111111111111111110110111010010111        2    
465          1111111111111111111111111111111111111111111111110111111010010111        2    
466          1111111111111111111111111111111111111101101111110111111010010111        0    
467          1111111111111111111111111111111111111101101111110111111110010111        0    
468          1111111111111111111111111111111111111101110111110111011110010111        0    
469          1111111111111111111111111111111111111101110111110111011111010111        0    
470          1111111111111111111111111111111111111101110111110111011001010111        0    
471          1111111111111111111111111111111111111101110111110111011011010111        3    
472          1111111111111111111111111111111111111101111111110111111011010111        3    
473          1111111111111111111111111111111111111101111111110111111101010111        3    
474          1111111111111111111111111111111111111101111111110111111101010111        0    
475          1111111111111111111111111111111111111101111111110111111100010111        0    
476          1111111111111111111111111111111111111101111111110111111100010111        2    
477          1111111111111111111111111111111111111101111111110111111100010111        2    
478          1111111111111111111111111111111111111110010111111111011100010111        2    
479          1111111111111111111111111111111111111110010111111000011100010111        2    
480          1111111111111111111111111111111111111110000111111000011100010111        0    
481          1111111111111111111111111111111111111110000111111000011100010111        0    
482          1111111111111111111111111111111111111110000111111000011110010111        0    
483          1111111111111111111111111111111111111110000111111000011000010111        0    
484          1111111111111111111111111111111111111011101111111000111000010111        0    
485          1111111111111111111111111111111111111011101111111000111010010111        0    
486          1111111111111111111111111111111111111011101111111000111010010011        0    
487          1111111111111111111111111111111111111011101111111000111100010011        0    
488          1111111111111111111111111111111111111011101111111000111110010011        0    
489          1111111111111111111111111111111111111011010111111001011110010011        1    
490          1111111111111111111111111111111111111011010111111001011111010011        1    
491          1111111111111111111111111111111111111011010111111001011111010011        1    
492          1111111111111111111111111111111111111111110111111001011111010011        0    
493          1111111111111111111111111111111111111111110111111111011111010011        0    
494          1111111111111111111111111111111111111111111111111111111111010011        4    
495          1111111111111111111111111111111111111111111111111111111110010011        4    
496          1111111111111111111111111111111111111111111111111101111110010011        4    
497          1111111111111111111111111111111111111111111111111101111110010011        0    
498          1111111111111111111111111111111111111111111111111111011110010011        0    
499          1111111111111111111111111111111111111111111111111111011101010011        0    
500          1111111111111111111111111111111111111111111111111111010111010011        0    
501          1111111111111111111111111111111111111111111111111111010101010011        0    
502          1111111111111111111111111111111111111111111111111111110111010011        0    
503          1111111111111111111111111111111111111111111111111111110111010111        0    
504          1111111111111111111111111111111111111111111111111111110101010111        0    
505          1111111111111111111111111111111111111111111111111111111111010111        0    
506          1111111111111111111111111111111111111111111111111111011111010111        0    
507          1111111111111111111111111111111111111111111111111111011101010111        0    
508          1111111111111111111111111111111111111111111111111111011101010111        0    
509          1111111111111111111111111111111111111111111111111111011111010111        0    
510          1111111111111111111111111111111111111111111111111111001111011111        0    
511          1111111111111111111111111111111111111111111111111111001111011111        2    
512          1111111111111111111111111111111111111011110111111111001111011111        0    
513          1111111111111111111111111111111111111011110111111111001111011111        0    
514          1111111111111111111111111111111111111010111111111111101111011111        1    
515          1111111111111111111111111111111111111010111111111111101111011111        1    
516          1111111111111111111111111111111111111010111111111111101111110011        1    
517          1111111111111111111111111111111111111010111111111111101111110011        1    
518          1111111111111111111111111111111111111111111111111111101111110011        0    
519          1111111111111111111111111111111111111111111111111111101111110011        0    
520          1111111111111111111111111111111111111111111111111111101111110011        0    
521          1111111111111111111111111111111111111111110111111100001110110011        0    
522          1111111111111111111111111111111111111111110111111111001110110011        0    
523          1111111111111111111111111111111111111111110111111111001101110011        0    
524          1111111111111111111111111111111111111111110111111110001101110011        0    
525          1111111111111111111111111111111111111111110111111110001101110011        0    
526          1111111111111111111111111111111111111111110111111101001101110011        0    
527          1111111111111111111111111111111111111111111111111101101101011111        0    
528          1111111111111111111111111111111111111111111111111100101101011111        0    
529          1111111111111111111111111111111111111111111111111100101101011111        0    
530          1111111111111111111111111111111111111111111111101111101101011111        0    
531          1111111111111111111111111111111111111111111111101111101101011011        0    
532          1111111111111111111111111111111111111111111111101110101101011011        0    
533          1111111111111111111111111111111111111111110111101111001101011011        0    
534          1111111111111111111111111111111111111111110111101111001101011011        0    
535          1111111111111111111111111111111111111111110111101101001101011011        0    
536          1111111111111111111111111111111111111111110111101101001110011011        0    
537          1111111111111111111111111111111111111111110111101101001110011011        0    
538          1111111111111111111111111111111111111111110111101101001111011011        0    
539          1111111111111111111111111111111111111111110111101111001111011011        0    
540          1111111111111111111111111111111111111111111111101111101111011011        0    
541          1111111111111111111111111111111111111111111111101111101111011011        0    
542          1111111111111111111111111111111111111111111111101111101111011011        0    
543          1111111111111111111111111111111111111111111111101111101111011111        0    
544          1111111111111111111111111111111111111111111111101101101111011111        0    
545          1111111111111111111111111111111111111111111111101101101111011111        0    
546          1111111111111111111111111111111111111111110111101110001111011111        0    
547          1111111111111111111111111111111111111111110111101110001111110011        0    
548          1111111111111111111111111111111111111111110111101111001111110011        2    
549          1111111111111111111111111111111111111111110111101111001111110011        2    
550          1111111111111111111111111111111111111111110111101110001111110011        2    
551          1111111111111111111111111111111111111111110111101110001110110011        2    
552          1111111111111111111111111111111111111111110111011111001110110011        2    
553          1111111111111111111111111111111111110111100111111111001110110011        2    
554          1111111111111111111111111111111111110111100111111111001101110011        2    
555          1111111111111111111111111111111111110111100111111111001111110011        2    
556          1111111111111111111111111111111111110111100111111111001111110011        2    
557          1111111111111111111111111111111111110111100111111111011101110011        2    
558          1111111111111111111111111111111111110111100111111111011101011111        2    
559          1111111111111111111111111111111111110011100111101111011101011111        2    
560          1111111111111111111111111111111111110011100111101111011111011111        2    
561          1111111111111111111111111111111111110011100111101111011110011111        2    
562          1111111111111111111111111111111111110011100111101111011100011111        2    
563          1111111111111111111111111111111111110011100111101111011111011111        2    
564          1111111111111111111111111111111111110011100111101111011111011111        2    
565          1111111111111111111111111111111111111111100110111111011111011011        2    
566          1111111111111111111111111111111111111111100110111111011011011011        2    
567          1111111111111111111111111111111111111111100110111111011010011011        2    
568          1111111111111111111111111111111111111111100110111111011010011011        2    
569          1111111111111111111111111111111111111111100110111111011011011011        2    
570          1111111111111111111111111111111111111111100110111111011101011011        2    
571          1111111111111111111111111111111111101111011110111101111100011011        2    
572          1111111111111111111111111111111111101111011110111101111110011011        2    
573          1111111111111111111111111111111111101111011110111101111110011011        2    
574          1111111111111111111111111111111111101111011110111101111110011010        2    
575          1111111111111111111111111111111111101111011110111101101000011010        2    
576          1111111111111111111111111111111111111111010110111101101000011010        3    
577          1111111111111111111111111111111111111111010110111101101000010110        3    
578          1111111111111111111111111111111111111111010110111101101010010110        3    
579          1111111111111111111111111111111111101011010110101101101010010110        3    
580          1111111111111111111111111111111111101011010110101101101100010110        3    
581          1111111111111111111111111111111111100111110110111101101100010110        3    
582          1111111111111111111111111111111111100111110110111101101100010010        3    
583          1111111111111111111111111111111111100111110110111101101110010010        3    
584          1111111111111111111111111111111111100111010110101101101110010010        3    
585          1111111111111111111111111111111111100111010110101101100111010010        3    
586          1111111111111111111111111111111111100111010110101101101111010010        3    
587          1111111111111111111111111111111111100111111110001101101111010010        3    
588          1111111111111111111111111111111111100111111110001101101110010010        3    
589          1111111111111111111111111111111111100111111110001111101110010010        4    
590          1111111111111111111111111111111111100111110110001110101101010010        4    
591          1111111111111111111111111111111111100111110110001111101101010010        4    
592          1111111111111111111111111111111111011111110101111111101101010110        4    
593          1111111111111111111111111111111111011111110101111110101101010110        4    
594          1111111111111111111111111111111111111111111111101110101101010110        0    
595          1111111111111111111111111111111111111111111111101110101101010110        4    
596          1111111111111111111111111111111111111111111111101110100111010110        4    
597          1111111111111111111111111111111111111111111111111110100111010110        4    
598          1111111111111111111111111111111111111111111111111110100111011010        4    
599          1111111111111111111111111111111111111111111111111110100101011010        4    
600          1111111111111111111111111111111111111111111111111101100101011010        3    
601          1111111111111111111111111111111111111111111111111101100101011010        3    
602          1111111111111111111111111111111111111111111111111101100111011010        3    
603          1111111111111111111111111111111111111111111111111101100110011010        3    
604          1111111111111111111111111111111111111111111111111101100100011010        3    
605          1010111110101011100100100011010         0    
606          1010111111101011100100011011010         0    
607          1010111111101011101100011011010         0    
608          1010111010101011101100011011010         4    
609          1010111010101011101100010011010         4    
610          1010111010101011110100010011010         4    
611          1010111111101011011100010011010         4    
612          1010111111101011011100001011010         4    
613          1010111111101011011100001011010         4    
614          1111111111111111111111111111111111111111111111111011100001011010        0    
615          1111111111111111111111111111111111111111111111111011100001011010        1    
616          1111111111111111111111111111111111111111111111111011011111011010        1    
617          1111111111111111111111111111111111111111111111111011111111010110        1    
618          1111111111111111111111111111111111111111111111111011111101010110        1    
619          1111111111111111111111111111111111111111111111111011011101010110        1    
620          1111111111111111111111111111111111111111111111111011011101010110        1    
621          1111111111111111111111111111111111111111111111111011011011010110        1    
622          1111111111111111111111111111111111111111111101011011111011010110        0    
623          1111111111111111111111111111111111111111111101011011111011010010        0    
624          1111111111111111111111111111111111111111111101011011111011010010        0    
625          1111111111111111111111111111111111111111111101011011011011010010        4    
626          1111111111111111111111111111111111111111111101011011011011010010        4    
627          1111111111111111111111111111111111111111111101011001011011010010        4    
628          1111111111111111111111111111111111111111111101011001111011011110        4    
629          1111111111111111111111111111111111111111111101011000111011011110        4    
630          1111111111111111111111111111111111111111111111111000111011011110        0    
631          1111111111111111111111111111111111111111111111111000011011011110        4    
632          1111111111111111111111111111111111111111111111111000011001011110        4    
633          1111111111111111111111111111111111111111111111101000011001011110        4    
634          1111111111111111111111111111111111111111111111101000011010011110        4    
635          1111111111111111111111111111111111111111111111101000010110011110        1    
636          1111111111111111111111111111111111111111111111111000010110011110        1    
637          1111111111111111111111111111111111111111111111111000010111011110        1    
638          1111111111111111111111111111111111111111111111111000010111011110        1    
639          1111111111111111111111111111111111111111111111101000010111011110        1    
640          1111111111111111111111111111111111111111111111101000010100011110        1    
641          1111111111111111111111111111111111111111111111101000010110011110        1    
642          1111111111111111111111111111111111111111110110001000010110011110        3    
643          1111111111111111111111111111111111111111110110001111110111011110        3    
644          1111111111111111111111111111111111111111110110000111110111011110        3    
645          111010110110000111010111011110          0    
646          111010110110000111010111011110          0    
647          111010110110001111010111011110          0    
648          101110110110001110110111011110          0    
649          101110110110001110110111010010          0    
650          101111011101111110110111010010          2    
651          101111011101111110110111010010          0    
652          101111011101111110110101010010          0    
653          101111110101101110110110010010          0    
654          101111110101101110110110010010          0    
655          101110001101111110110111010010          0    
656          111110000101111110011111010010          3    
657          111110000101111110011000010010          3    
658          101010000101111101111010010010          1    
659          101010000101111101111010010110          1    
660          1111111111111111111111111111111111111110000101111101011010010110        1    
661          1111111111111111111111111111111111111110000101111101011010010110        1    
662          1111111111111111111111111111111111111110010101011101011010010110        0    
663          1111111111111111111111111111111111101010010101011100111010011010        0    
664          1111111111111111111111111111111111101010010101011101111010011010        0    
665          1111111111111111111111111111111111111010011101001101111010011010        0    
666          1111111111111111111111111111111111111010011101001101111010011010        0    
667          1111111111111111111111111111111111111010011101001110111010011010        4    
668          1111111111111111111111111111111111101010010100111110111010011010        4    
669          1111111111111111111111111111111111101010010100111110111011011010        4    
670          1111111111111111111111111111111111101010010100111111111011011010        4    
671          1111111111111111111111111111111111111111111111111111111011011010        0    
672          1111111111111111111111111111111111111111111111101111111011011010        0    
673          1111111111111111111111111111111111111111111111101111111010011010        0    
674          1111111111111111111111111111111111111111111111101111111010011010        0    
675          1111111111111111111111111111111111111111111111101111011011011010        4    
676          1111111111111111111111111111111111111111111111101111011111011010        4    
677          1111111111111111111111111111111111111111111111101111111111011010        3    
678          1111111111111111111111111111111111111111111111101111111111011010        3    
679          1111111111111111111111111111111111111111111111101111011111011010        3    
680          1111111111111111111111111111111111111111111111101111011111010110        3    
681          1111111111111111111111111111111111111111111111101111011011010110        3    
682          1111111111111111111111111111111110111010110100101111011011010110        0    
683          1111111111111111111111111111111110111110110100101111111011010110        0    
684          1111111111111111111111111111111110111110110100101111111011010110        4    
685          1111111111111111111111111111111110111110110100101110111011010110        4    
686          1111111111111111111111111111111110110111111100101111011011010110        4    
687          1111111111111111111111111111111110110111111100101111011011010010        4    
688          1111111111111111111111111111111110110111111100101111011011010010        4    
689          1111111111111111111111111111111110110111010100101111111110010010        4    
690          1111111111111111111111111111111110110111010100101111111110010010        4    
691          1111111111111111111111111111111111111111111111101111111110010010        4    
692          1111111111111111111111111111111111111111111111101110011111010010        4    
693          1111111111111111111111111111111111111111111111101110011101010010        4    
694          1111111111111111111111111111111111111111111111101110111101010010        4    
695          1111111111111111111111111111111111111111111111101110111110010010        4    
696          1111111111111111111111111111111111111111111111101110101110010010        4    
697          1111111111111111111111111111111111111111111111101111001110010010        4    
698          1111111111111111111111111111111111111111111111101111001110010010        4    
699          1111111111111111111111111111111111111111111111101111001110010010        4    
700          1111111111111111111111111111111111111111111111101111101110010010        4    
701          1111111111111111111111111111111111111111111111101111101110011110        4    
702          1111111111111111111111111111111111111111111111101111101110011110        4    
703          1111111111111111111111111111111111111111111111101110001110011110        4    
704          1111111111111111111111111111111111111111111111101110001110011110        4    
705          1111111111111111111111111111111111111111111111111110001110011110        4    
706          1111111111111111111111111111111111111111111111111110001110011010        4    
707          1111111111111111111111111111111111111111111111111110001110011010        4    
708          1111111111111111111111111111111111111111111111101110001110011010        4    
709          1111111111111111111111111111111111111111111111101110001110011010        4    
710          1111111111111111111111111111111111111111111111101110001110011010        4    
711          1111111111111111111111111111111111111111111111111110001110011010        4    
712          1111111111111111111111111111111111111111111111111110001110010110        4    
713          1111111111111111111111111111111111111111111111111110001110010110        4    
714          1111111111111111111111111111111111111111111111101110001110010110        4    
715          1111111111111111111111111111111111111111111111101110001110010110        4    
716          1111111111111111111111111111111111111111111111101110101110010010        4    
717          1111111111111111111111111111111111111111111111101110111110010010        4    
718          1111111111111111111111111111111111111111111111101111111110010010        4    
719          1111111111111111111111111111111111111111111111101111111110010010        4    
720          1111111111111111111111111111111111111111111111101111111110010010        4    
721          1111111111111111111111111111111111111111111111101111111110010010        4    
722          1111111111111111111111111111111111111111111111101111111110111010        4    
723          1111111111111111111111111111111111111111111111101111111110111010        2    
724          1110101001011101111111110111010         0    
