time         game_state
0            1111111111111111111111111111111111111111111111111110011111011110        0    
1            1111111111111111111111111111111111111111111111111110111111011110        0    
2            1111111111111111111111111111111111111111111111111110111111011110        0    
3            1111111111111111111111111111111111111111111111111111011111110010        0    
4            1111111111111111111111111111111111111111111111111111011111110010        1    
5            1111111111111111111111111111111111111111111011111111011111110010        0    
6            1111111111111111111111111111111111111111111011111111111111110010        2    
7            1111111111111111111111111111111111111111111011110111111111110010        2    
8            1111111111111111111111111111111111111111110011111111011110110010        2    
9            1111111111111111111111111111111111111111110011111110011110110010        2    
10           1111111111111111111111111111111111111111111011111110111111110010        2    
11           1111111111111111111111111111111111111111111011111101111111110010        2    
12           1111111111111111111111111111111110110111111011111101111111110010        0    
13           1111111111111111111111111111111110110111110011111101111111110010        0    
14           1111111111111111111111111111111110110111110011111110111111110010        0    
15           1111111111111111111111111111111110110111111011011110111111011110        2    
16           1111111111111111111111111111111110110111111011011111111111011110        2    
17           1111111111111111111111111111111110110111110011011111011110011110        2    
18           1111111111111111111111111111111110110111110011011000011110011110        2    
19           1111111111111111111111111111111110110111100011111000011110011110        0    
20           1111111111111111111111111111111110111101100011111111111011011110        0    
21           1111111111111111111111111111111110111101100011111111111111011110        0    
22           1111111111111111111111111111111110111101100011111111011111011010        0    
23           1111111111111111111111111111111110111101100011111111011111011010        0    
24           1111111111111111111111111111111110111101101011111110111111011010        1    
25           1111111111111111111111111111111110111101101011111110101011011010        1    
26           1111111111111111111111111111111111111111111011011110101011011010        0    
27           1111111111111111111111111111111111111111110011011110101011010110        0    
28           1111111111111111111111111111111111111111110011010111101011010110        0    
29           1111111111111111111111111111111111111111111011110111101011010110        0    
30           1111111111111111111111111111111111111111111011110110101011010110        2    
31           1111111111111111111111111111111111111111110011110110101011010010        2    
32           1111111111111111111111111111111111111111110011110111101011010010        2    
33           1111110100011110111101011010010         0    
34           1111111001011110111101100010010         0    
35           1111111001011110111101110010010         0    
36           1111111101011110111101111010010         0    
37           1111111101011110111101101010010         0    
38           1110110001011110111101110010010         0    
39           1110110001011110111101110010010         0    
40           1110110100011111101101111010010         0    
41           1110110100011111101101111010010         0    
42           1110111111011111101111000010010         0    
43           1110111111011111101111010010010         0    
44           1110111110011111101111011010010         0    
45           1110111110011111101111101010010         0    
46           1111101101011111101111110010010         0    
47           1111101101011111101111110010010         3    
48           1111101111011011101111110010010         0    
49           1111101110011011101111110010110         0    
50           1111101110011011110111110010110         0    
51           1111001110011010111111110010110         4    
52           1111001110011010111111110010110         4    
53           1111101110011010111111110011010         4    
54           1111101110011011111111110011010         4    
55           1111111111111111111111111111111111111111111111111111111110011010        0    
56           1111111111111111111111111111111111111111111111111111111110011010        0    
57           1111111111111111111111111111111111111111111111111111111110011010        0    
58           1111111111111111111111111111111111111111111111111111111110011110        0    
59           1111111111111111111111111111111111111111111111111111111010011110        0    
60           1111111111111111111111111111111111111111111111111000111010011110        0    
61           1111111111111111111111111111111111111111111111111000111010011110        0    
62           1111111111111111111111111111111111111111111111111000111010110010        0    
63           1111111111111111111111111111111111111111111111111000111010110010        0    
64           1111111111111111111111111111111111111111111111111000110110110010        0    
65           1111111111111111111111111111111111111111111111111001110110110010        0    
66           1111111111111111111111111111111111111111111111111001110110110010        0    
67           1111111111111111111111111111111111111111111111111001110110110110        0    
68           1111111111111111111111111111111111111111111111111001110010110110        2    
69           1111111111111111111111111111111110111011001010111001110010110110        0    
70           1111111111111111111111111111111110111110101010111010110010110110        0    
71           1111111111111111111111111111111110111110101010111010110110110110        0    
72           1111111111111111111111111111111110111110000011111010110110111010        0    
73           1111111111111111111111111111111110111110000011111010110110111010        0    
74           1111111111111111111111111111111110111101111011111010110111111010        3    
75           1111111111111111111111111111111110111101111011111010111011111010        3    
76           1111111111111111111111111111111110111101111011011010111011111010        0    
77           1111111111111111111111111111111110111001110011111010111100111010        0    
78           1111111111111111111111111111111110111001110011111011111100111010        0    
79           1111111111111111111111111111111110111101110011111011111101111010        0    
80           1111111111111111111111111111111110111101110011111010111101111010        0    
81           1111111111111111111111111111111110111101111100011010111101110110        4    
82           1111111111111111111111111111111110111101111100011011111101110110        4    
83           1111111111111111111111111111111111111111111111111011111101110110        0    
84           1111111111111111111111111111111111111111111111111011111101110110        0    
85           1111111111111111111111111111111111111111111111111011110111110110        0    
86           1111111111111111111111111111111111111111111111111011110111110010        0    
87           1111111111111111111111111111111111111111111111111011110101110010        0    
88           1111111111111111111111111111111111111111111111111011110101110010        0    
89           1111111111111111111111111111111111111111111111111011110111110010        0    
90           1111111111111111111111111111111111111111111111111011110110110010        3    
91           1111111111111111111111111111111111111111111111111011110110110010        3    
92           1111111111111111111111111111111111101110011100111011110110110010        0    
93           1111111111111111111111111111111111111110110100111011110111110010        0    
94           1111111111111111111111111111111111111110110100111100110111110010        0    
95           1111111111111111111111111111111111111010110100111100111000110010        0    
96           1111111111111111111111111111111111111010110100111101111000110010        0    
97           1111111111111111111111111111111111111110110100111111111000011110        2    
98           1111111111111111111111111111111111111110110100111111111000011110        2    
99           1111111111111111111111111111111111111110100100111111111000011110        0    
100          111010100100111111111000011110          0    
101          111010100100111111111010011110          0    
102          111110100100111110111010011010          0    
103          111110100100111110111100011010          0    
104          1101010100100111110110111011010         0    
105          1101010100100111110110111011010         0    
106          1101111100100111111110110011010         0    
107          1101111100100111111111110011010         0    
108          1101011100100111111111101011010         0    
109          1101011100100111111111111011010         0    
110          1101110100100111110111111011010         0    
111          1101110100100111110111101011010         0    
112          1111010100100111110111101010110         0    
113          1111010100100111110111111010110         0    
114          1110111100101111110111111010110         0    
115          1110111100101111110110101010110         0    
116          1110111101101111110110101010010         0    
117          1110111101101111110110111010010         1    
118          1110110110101111111110110010010         1    
119          1110110110101111111110100010010         1    
120          1110110111101111111110111010010         1    
121          1110110111101111111110111010010         1    
122          1111111111101111110110110010010         1    
123          1111111111101111110111010010010         1    
124          1111111111111111111111111111111111111111111101011110111010010010        1    
125          1111111111111111111111111111111111111111111101011110111010010110        1    
126          1111111111111111111111111111111111111111111101011111111010010110        1    
127          1111111111111111111111111111111111111111111101111111111010010110        1    
128          1111111111111111111111111111111111111111111101111110111010010110        1    
129          1111111111111111111111111111111111111111110101111110111010011010        4    
130          1111111111111111111111111111111111111111110101111111111010011010        4    
131          1111111111111111111111111111111111111111111111111111111010011010        0    
132          1111111111111111111111111111111111111111111111111111111010011010        0    
133          1111111111111111111111111111111111111111111111111111110110011010        0    
134          1111111111111111111111111111111111111111111111111111110110011110        1    
135          1111111111111111111111111111111111111111111111111111110110011110        1    
136          1111111111111111111111111111111111111111110110011111110110011110        0    
137          1111111111111111111111111111111111111111110110011111110110011110        0    
138          1111111111111111111111111111111111111111110110011111110110011110        0    
139          1111111111111111111111111111111111111111110110011010110110110010        0    
140          1111111111111111111111111111111111111111110110011001110110110010        0    
141          1111111111111111111111111111111111111111110110011001110110110010        0    
142          1111111111111111111111111111111111111111110110011000110110110010        0    
143          1111111111111111111111111111111111111111111110011001110110110110        0    
144          1111111111111111111111111111111111111111110110011001110110110110        0    
145          1111111111111111111111111111111111111111111110011010110110111010        0    
146          1111111111111111111111111111111111111111110110011010110111111010        0    
147          1111111111111111111111111111111111111111110110011011110100111010        0    
148          1111111111111111111111111111111111111111110110011011110101111010        0    
149          1111111111111111111111111111111111111111110101111011110101111010        0    
150          1111111111111111111111111111111111111111111101111011110101111110        0    
151          1111111111111111111111111111111111111111110101011011110101111110        0    
152          1111111111111111111111111111111111111111111101011100110110111110        0    
153          1111111111111111111111111111111111111111110101011100110111111110        0    
154          1111111111111111111111111111111111111111111101011101111100111110        0    
155          1111111111111111111111111111111111111010101101111101111100111110        0    
156          1111111111111111111111111111111111111011110101111101111100111110        0    
157          1111111111111111111111111111111111111011110101111101111110111110        0    
158          1111111111111111111111111111111111111011111101111110111110111010        1    
159          1111111111111111111111111111111111111011111101111110111000111011        1    
160          1111111111111111111111111111111111111111111101011110111000111011        0    
161          1111111111111111111111111111111111111111111101011111111000111011        0    
162          1111111111111111111111111111111111111111111011110111111000111011        0    
163          1111111111111111111111111111111111111111111011110110111000111011        4    
164          1111111111111111111111111111111111111111111011110110111000111011        4    
165          1111111111111111111111111111111111111111110011110110111000111011        4    
166          1111111111111111111111111111111111111111110011110111111000111011        4    
167          1111111111111111111111111111111111111111111111110111111000111011        0    
168          1111111111111111111111111111111111111111111111110111111000111011        0    
169          1111111111111111111111111111111111111111111111110111111110111011        0    
170          1111111111111111111111111111111111111111111111110111111110111011        0    
171          1111111111111111111111111111111111111111111111110111111100111011        0    
172          1111111111111111111111111111111111111111111111111101111100111011        0    
173          1111111111111111111111111111111111111111111111111101111100110111        0    
174          1111111111111111111111111111111111111111111111111101111010110111        3    
175          1111111111111111111111111111111111111111111111111101111010110111        3    
176          1111111111111111111111111111111111111111111111111101111000110111        3    
177          1111111111111111111111111111111111111111111111111101111000110111        3    
178          1111111111111111111111111111111111111111111111111101111110110111        3    
179          1111111111111111111111111111111111111111111011111101111110110111        3    
180          1111111111111111111111111111111111111111110011011101111110110111        3    
181          1111111111111111111111111111111111111111010011011110111110110111        3    
182          1111111111111111111111111111111111111111010011011110111110110111        3    
183          1111111111111111111111111111111111111111110011011111111110110111        3    
184          1111111111111111111111111111111111111111110011010111111110110111        3    
185          1111111111111111111111111111111111111111010011011111111110110111        3    
186          1111111111111111111111111111111111111111011011011111111110110011        3    
187          1111111111111111111111111111111111111111011011011111111110110011        3    
188          1111111111111111111111111111111111111111011011011111111110110011        2    
189          1111111111111111111111111111111111111111011011011110111110110011        2    
190          1111111111111111111111111111111111111111011011011110111110110011        2    
191          1111111111111111111111111111111111111111111011011111111110110011        2    
192          1111111111111111111111111111111111111111100011111111111110110011        0    
193          1111111111111111111111111111111111111111100011111111111110110011        0    
194          1111111111111111111111111111111111111111100011111111111000110011        0    
195          1111111111111111111111111111111111111111100011111111111000110011        0    
196          1111111111111111111111111111111111111111100011111111111010110011        0    
197          1111111111111111111111111111111111111111100011111111111010110011        0    
198          1111111111111111111111111111111111111111100011111111110111110011        0    
199          1111111111111111111111111111111111111111100011111111110111110011        0    
200          1111111111111111111111111111111111111111100011111111110111110011        0    
201          1111111111111111111111111111111111111111100011111111110111110011        0    
202          1111111111111111111111111111111111111111100011111111111111110011        0    
203          1111111111111111111111111111111111111110100011111011111111110011        0    
204          1111111111111111111111111111111111111110100011111011111110110011        0    
205          1111111111111111111111111111111111111110101011111011111110110011        0    
206          1111111111111111111111111111111111111110001011111011111110110011        0    
207          1111111111111111111111111111111111111111111111111011111110110011        0    
208          1111111111111111111111111111111111111111111111111011111110110011        0    
209          1111111111111111111111111111111111111111111111111011110110110011        0    
210          1111111111111111111111111111111111111111111111111011110110110011        0    
211          1111111111111111111111111111111111111111111111111011110111110011        0    
212          1111111111111111111111111111111111111111111111111011110111110011        0    
213          1111111111111111111111111111111111111111111111111011110101110011        0    
214          1111111111111111111111111111111111111111111111111011110101110011        0    
215          1111111111111111111111111111111111111111111111111011110101110011        0    
216          1111111111111111111111111111111111111111111111111011110111110011        0    
217          1111111111111111111111111111111111111111111111111111110111110011        0    
218          1111111111111111111111111111111111111111111111111111110111110011        1    
219          1111111111111111111111111111111111111111111111111111110101110011        1    
220          1111111111111111111111111111111111111111111111111111110101110011        1    
221          1111111111111111111111111111111111111111111111111111110101110011        1    
222          1111111111111111111111111111111111111111111111111111110101110011        1    
223          1111111111111111111111111111111111111111111111111111111111110011        1    
224          1111111111111111111111111111111111111111111011011111111111110011        0    
225          1111111111111111111111111111111111111111111011011111111111110011        0    
226          1111111111111111111111111111111111111111111011011110111111110011        4    
227          1111111111111111111111111111111111111111110011011110111111110011        4    
228          1111111111111111111111111111111111111111110011011110111111110011        4    
229          1111111111111111111111111111111111111111110011011111111111110011        4    
230          1111111111111111111111111111111111111111110011111111111111110111        4    
231          1111111111111111111111111111111111111111110011111111111111110111        4    
232          1111111111111111111111111111111111111111110011111110111111110111        4    
233          1111111111111111111111111111111111111111111111111110111111110111        0    
234          1111111111111111111111111111111111111111111111111110111111110111        0    
235          1111111111111111111111111111111111111111111111111110111101110111        0    
236          1111111111111111111111111111111111111111111111111110111101110111        0    
237          1111111111111111111111111111111111111111111111111110111101110111        0    
238          1111111111111111111111111111111111111111111111111110111111110111        3    
239          1111111111111111111111111111111111111111111111111111111111110111        3    
240          1111111111111111111111111111111111111111111111111111111111110111        3    
241          1111111111111111111111111111111111111111111111111111111101110111        3    
242          1111111111111111111111111111111111111111111011111111111101110111        0    
243          1111111111111111111111111111111111111111111011111111111101110111        0    
244          1111111111111111111111111111111111111111111011111111111101110111        0    
245          1111111111111111111111111111111111111110010011111001111101110111        0    
246          1111111111111111111111111111111111111110010011111001111101110111        4    
247          1111111111111111111111111111111111111110010011111010111101111011        4    
248          1111111111111111111111111111111111111110011011111010111101111011        4    
249          111110011011111010111101111011          4    
250          111110011011111011111101111011          4    
251          1111111111111111111111111111111111111111111111111011111101111011        0    
252          1111111111111111111111111111111111111111111111111011111101111011        0    
253          1111111111111111111111111111111111111111111111111011110111111011        0    
254          1111111111111111111111111111111111111111111111111011110111111011        0    
255          1111111111111111111111111111111111111111111111111011110111111011        0    
256          1111111111111111111111111111111111111111111111111011110100111011        0    
257          1111111111111111111111111111111111111111111111111011110100111011        0    
258          1111111111111111111111111111111111111111111111111011110100111011        3    
259          1111111111111111111111111111111111111111111111111011110110111011        3    
260          1111111111111111111111111111111111111111111111111111110110111011        3    
261          1111111111111111111111111111111111111111111111111111110110111011        3    
262          1111111111111111111111111111111111111111111111111111110100111011        3    
263          111101110011011111110100111011          0    
264          111101110011011111110011111011          0    
265          111101110011011111110011111011          4    
266          111101111010111111110011111011          4    
267          111101111010111111110011111011          4    
268          111101111010111111110011111011          4    
269          111101110010111111110011111011          4    
270          110111110010111111110011111011          4    
271          110111110010111111110011111011          4    
272          1111111111111111111111111111111111111111111111111110110011111011        0    
273          1111111111111111111111111111111111111111111111111110110010111011        0    
274          1111111111111111111111111111111111111111111111111110011110111011        0    
275          1111111111111111111111111111111111111111111111111110011110111011        0    
276          1111111111111111111111111111111111111111111111111110011110111011        1    
277          1111111111111111111111111111111111111111111111111110011110111011        1    
278          1111111111111111111111111111111111111111111111111110011110111011        1    
279          1111111111111111111111111111111111111111111111111110011110111011        1    
280          1111111111111111111111111111111111111111111111111110011010111011        1    
281          1111111111111111111111111111111111111111110010011110011010111011        0    
282          1111111111111111111111111111111111111111110010011110011011111011        0    
283          1111111111111111111111111111111111111111110010011110011011111011        0    
284          1111111111111111111111111111111111111111110010011101011011111011        0    
285          1111111111111111111111111111111111111111111010011101111011111011        4    
286          1111111111111111111111111111111111111111111010011101111011111011        4    
287          1111111111111111111111111111111111111111111010011100111011111011        4    
288          1111111111111111111111111111111111111111110010011101011011111011        4    
289          1111111111111111111111111111111111111111110010011101011011111011        4    
290          1111111111111111111111111111111111111111110010011011011011111011        4    
291          1111111111111111111111111111111111111111111111111011111010111011        0    
292          1111111111111111111111111111111111111111111111111011111010111011        0    
293          1111111111111111111111111111111111111111111111111011111000111011        0    
294          1111111111111111111111111111111111111111111111111011011000111011        0    
295          1111111111111111111111111111111111111111111111111011011000111011        0    
296          1111111111111111111111111111111111111111111111111011010110111011        0    
297          1111111111111111111111111111111111111111111111111011010110111011        0    
298          1111111111111111111111111111111111111111111111111011010110111011        0    
299          1111111111111111111111111111111111111111111111111011010100111011        1    
300          1111111111111111111111111111111111111111111111111011011111111011        1    
301          1111111111111111111111111111111111111111111111111011011111111011        1    
302          1111111111111111111111111111111111111111111111111011011111111011        1    
303          1111111111111111111111111111111111111111111001011011011111111011        0    
304          1111111111111111111111111111111111111111111001011011011111111011        0    
305          1111111111111111111111111111111111111111111001011010011111111011        0    
306          1111111111111111111111111111111111111111110001011011111111111011        0    
307          1111111111111111111111111111111111111111110001011011111111111011        4    
308          1111111111111111111111111111111111111111110001011001111110111011        4    
309          1111111111111111111111111111111111111111111001011001011110111011        4    
310          1111111111111111111111111111111111111111111001011001011110111011        4    
311          1111111111111111111111111111111111111111111001011001011110111011        4    
312          1111111111111111111111111111111111111111111111111000111110111011        0    
313          1111111111111111111111111111111111111111111111111000111110111011        0    
314          1111111111111111111111111111111111111111111111111000111110111011        0    
315          1111111111111111111111111111111111111111111111111000011110111011        3    
316          1111111111111111111111111111111111111111111111111000011110111011        3    
317          1111111111111111111111111111111111111111111111111000001111111011        3    
318          1111111111111111111111111111111111111111111111111111101111111011        3    
319          1111111111111111111111111111111111111111111111111111101111111010        3    
320          1111111111111111111111111111111111111111111111111111101111111010        3    
321          1111111111111111111111111111111111111111111111111111101101111010        3    
322          1111111111111111111111111111111110111111111001011111001101111010        0    
323          1111111111111111111111111111111110111111111001011111001100111010        0    
324          1111111111111111111111111111111110111111111001011111001100111010        0    
325          1111111111111111111111111111111110111111111001011111001100111010        0    
326          1111111111111111111111111111111110111111110001011111101111111010        0    
327          1111111111111111111111111111111110111101110001011111101111111010        4    
328          1111111111111111111111111111111110111101110001011110101111111010        4    
329          1111111111111111111111111111111110111101111001011110001111110110        4    
330          1111111111111111111111111111111110111101111001011110001111110110        4    
331          1111111111111111111111111111111110111101111001011111001111110110        4    
332          1111111111111111111111111111111111111111111111111111101111110110        0    
333          1111111111111111111111111111111111111111111111111111101111110110        0    
334          1111111111111111111111111111111111111111111111111111101011110110        0    
335          1111111111111111111111111111111111111111111111111111001011110110        0    
336          1111111111111111111111111111111111111111111111111111001011110010        0    
337          1111111111111111111111111111111111111111111111111111001011110010        0    
338          1111111111111111111111111111111111111111111111111111001011110010        0    
339          1111111111111111111111111111111111111111111111111111101011110010        0    
340          1111111111111111111111111111111111111111111111111111101011110010        0    
341          1111111111111111111111111111111111111111111111111111101111110010        0    
342          1111111111111111111111111111111111111111111111111111101111011110        0    
343          1111111111111111111111111111111111111111111111111111101111011110        3    
344          1111111111111111111111111111111111111111111111111111101111011110        3    
345          1111111111111111111111111111111111111111111111111111101111011110        3    
346          1111111111111111111111111111111111111111111111111111101111011110        3    
347          1111111111111111111111111111111111111111111111111111101011011110        3    
348          1111111111111111111111111111111110110101111010011111101011011110        0    
349          1111111111111111111111111111111110110101111010011111101011011010        0    
350          1111111111111111111111111111111110110101111010011111101011011010        0    
351          1111111111111111111111111111111110110101111010011100101011011010        0    
352          1111111111111111111111111111111110110101110010011101001011011010        0    
353          1111111111111111111111111111111110110101110010011101001011011010        0    
354          1111111111111111111111111111111110110111110010011101001011011010        0    
355          1111111111111111111111111111111110110111110010011101001011011010        0    
356          1111111111111111111111111111111110111111110010011101101011010110        0    
357          1111111111111111111111111111111110111111110010011101101011010110        0    
358          1111111111111111111111111111111110111111110010011111101011010110        0    
359          1111111111111111111111111111111110111111111010011110001011010110        1    
360          1111111111111111111111111111111111111111111010011110001011010110        0    
361          1111111111111111111111111111111111111111111010011110001011010110        0    
362          1111111111111111111111111111111111111111110010011111101011010010        0    
363          1111111111111111111111111111111111111111110010011111101011010010        0    
364          1111111111111111111111111111111111111111111010011110101011010010        2    
365          1111111111111111111111111111111111111111111010011110101110010010        2    
366          1111111111111111111111111111111111111111111010011110101110010010        2    
367          1111111111111111111111111111111111111111110010111111101110010010        2    
368          1111111111111111111111111111111111101111110010111111101111010010        0    
369          1111111111111111111111111111111111101111010010111111101111010010        0    
370          1111111111111111111111111111111111101111001010111111101110010010        0    
371          1111111111111111111111111111111111101101101010111111101110010010        0    
372          1111111111111111111111111111111111110101101010111111001110010010        0    
373          1111111111111111111111111111111111110101001010111111001110010010        0    
374          1111111111111111111111111111111111110101001010111111101110010010        0    
375          1111111111111111111111111111111111110101001010111111101110011110        0    
376          1111111111111111111111111111111111110101101010111111101110011110        0    
377          1111111111111111111111111111111111111101101010111111001110011110        0    
378          1111111111111111111111111111111111111101101010111111001110011110        4    
379          1111111111111111111111111111111111111101001010111111001110011110        4    
380          1111111111111111111111111111111111111101000010111111101111011110        4    
381          1111111111111111111111111111111111111111111111111111101111011110        0    
382          1111111111111111111111111111111111111111111111111111101111011110        0    
383          1111111111111111111111111111111111111111111111111111111010011110        1    
384          1111111111111111111111111111111111111111111111111111111010011110        1    
385          1111111111111111111111111111111111111111111111111111111001011110        1    
386          1111111111111111111111111111111111111111111111111111111001011110        1    
387          1111111111111111111111111111111111111111111111111111110111011110        1    
388          1111111111111111111111111111111111111111111011111111110110011110        0    
389          1111111111111111111111111111111111111111111011111111110110011110        1    
390          1111111111111111111111111111111111111111110011111110010110011110        1    
391          1111111111111111111111111111111111111111110011111110010111011110        1    
392          1111111111111111111111111111111111111111110011111110010111011110        1    
393          1111111111111111111111111111111111111111111011111011110110011110        1    
394          1111111111111111111111111111111111111111111011111011110110011110        4    
395          1111111111111111111111111111111111111111110011111011010111011110        4    
396          1111111111111111111111111111111111111111111111111011010111011110        0    
397          1111111111111111111111111111111111111111111111111011010111011110        0    
398          1111111111111111111111111111111111111111111111111011010101011110        0    
399          1111111111111111111111111111111111111111111111111011010101011010        0    
400          1111111111111111111111111111111111111111111111111011010101011010        0    
401          1111111111111111111111111111111111111111111111111011010111011011        1    
402          1111111111111111111111111111111111111111111011111011010111011011        0    
403          1111111111111111111111111111111111111111110100011011010111011011        2    
404          1111111111111111111111111111111111111111110100010111010111011011        2    
405          1111111111111111111111111111111111111111110100010111010111011011        2    
406          1111111111111111111111111111111111111111110100010111010111011011        2    
407          1111111111111111111111111111111111111111110100010111010111011011        2    
408          1111111111111111111111111111111111111000100100110111010111011011        0    
409          1111111111111111111111111111111111111011101100110111010111010111        0    
410          1111111111111111111111111111111111111011101100110111001111011111        0    
411          1111111111111111111111111111111111111011101100110111001111011111        0    
412          1111111111111111111111111111111111111011101100110111001111011111        0    
413          1111111111111111111111111111111110111011101100110111001111011111        0    
414          1111111111111111111111111111111110111011101100110111001111110011        0    
415          1111111111111111111111111111111110111011101100110111001111110011        0    
416          1111111111111111111111111111111110111011100100110111001111110011        0    
417          1111111111111111111111111111111110111011100100110111001111110011        0    
418          1111111111111111111111111111111110111011100100110111001111110011        0    
419          1111111111111111111111111111111110111011100100110111001110110011        1    
420          1111111111111111111111111111111110111011100100110111001110110011        1    
421          1111111111111111111111111111111111111111110100110111001110110011        0    
422          1111111111111111111111111111111111111111110100110111001101110011        0    
423          1111111111111111111111111111111111111111110011110110001101110011        0    
424          1111111111111111111111111111111111111111111011110110001101110011        0    
425          1111111111111111111111111111111111111111111011110110001101110011        3    
426          1111111111111111111111111111111111111111111011110111101101110011        3    
427          1111111111111111111111111111111110111011011011110111101101110011        0    
428          1111111111111111111111111111111110111011111011110111101101011111        0    
429          1111111111111111111111111111111110111011111011110111001101011111        0    
430          1111111111111111111111111111111110111011111011110111001101011111        0    
431          1111111111111111111111111111111110111011110011110111101101011111        0    
432          1111111111111111111111111111111110111011110011110111101101011011        0    
433          1111111111111111111111111111111110111011110011111110001101011011        0    
434          1111111111111111111111111111111110111011110011111110001101011011        0    
435          1111111111111111111111111111111110111011110011111110001101011011        0    
436          1111111111111111111111111111111110111011110011111111101101011011        0    
437          1111111111111111111111111111111110111011110011111111101110011011        0    
438          1111111111111111111111111111111110111011111011111000101110011011        0    
439          1111111111111111111111111111111110111011111011111000101111011011        1    
440          1111111111111111111111111111111110111011111011011001101111011011        1    
441          1111111111111111111111111111111111111111111011011001101111011011        0    
442          1111111111111111111111111111111111111111111011011001101111011011        0    
443          1111111111111111111111111111111111111111111011011001101111011011        2    
444          1111111111111111111111111111111111111111111011011000001111011011        2    
445          1111111111111111111111111111111110111011101011111000001111011011        0    
446          1111111111111111111111111111111110111011100011111000001111011111        0    
447          1111111111111111111111111111111110111011100011111111101111011111        0    
448          1111111111111111111111111111111110111011100011111111101111011111        0    
449          1111111111111111111111111111111110111011100011111111011111011111        0    
450          1111111111111111111111111111111110111011100011111111011111011111        0    
451          1111111111111111111111111111111110111011100011111111011111110011        0    
452          1111111111111111111111111111111110111011100011111110111111110011        0    
453          1111111111111111111111111111111110111011111011111110111111110011        0    
454          1111111111111111111111111111111110111011111011111110011111110011        0    
455          1111111111111111111111111111111110111011111011111110011110110011        0    
456          1111111111111111111111111111111110111011111011111110011110110011        0    
457          1111111111111111111111111111111110111011111011111110011110110011        0    
458          1111111111111111111111111111111110111011111011111110011111110011        0    
459          1111111111111111111111111111111110111011111011111110011101110011        0    
460          1111111111111111111111111111111110110111111011111110011101110011        3    
461          1111111111111111111111111111111110110111111011111110011101110011        4    
462          1111111111111111111111111111111110110111111011111110111111110011        4    
463          1111111111111111111111111111111111111111111111111110111111110011        0    
464          1111111111111111111111111111111111111111111111111110111111011111        0    
465          1111111111111111111111111111111111111111111111111111011101011111        0    
466          1111111111111111111111111111111111111111111111111111011100011111        0    
467          1111111111111111111111111111111111111111111111111111111110011111        3    
468          1111111111111111111111111111111111111111111111111111111110011111        3    
469          1111111111111111111111111111111111111111111111111111111111011111        3    
470          1111111111111111111111111111111111111111111111111000011111011111        3    
471          1111111111111111111111111111111111111111111111111000011111011011        3    
472          1111111111111111111111111111111111111111111111111000111011011011        3    
473          1110010111011111000111011011011         0    
474          1110010111011111000111011011011         0    
475          1110010111011111001111011011011         2    
476          1111110111011111001111011011011         2    
477          1111110111011111001111011010111         2    
478          1111110111011011010111011010111         2    
479          1101110111011011010111011010111         2    
480          1101110111011011011011011010111         2    
481          1101110111011111011011011010111         0    
482          1101110111011111011011011010011         0    
483          1101110111011111111111111010011         3    
484          1101010111011111111111111010011         3    
485          1101010111011111111111100010011         3    
486          1101010111011111111011110010011         3    
487          1111010111011111111011110010011         3    
488          1111010111011111111011111010011         3    
489          1111010111011111111111101010011         3    
490          1111010111011111111111110010011         3    
491          1110110111011111111011110010011         3    
492          1110110111011011111011110010011         0    
493          1110110111011011111011111010011         4    
494          1110110111011111110011111010011         4    
495          1110111111011111110011111010011         4    
496          1110111111011111110011010010011         4    
497          1110111111011111111011010010011         4    
498          1110111111011111111011011010011         4    
499          1110011111011111110111011010011         4    
500          1111111111111111111111111111111111111111111111111110111011010011        0    
501          1111111111111111111111111111111111111111111111111110111010010011        0    
502          1111111111111111111111111111111111111111111111111111011010010011        0    
503          1111111111111111111111111111111111111111111111111111011010010011        0    
504          1111111111111111111111111111111111111111111111111111011010010111        0    
505          1111111111111111111111111111111111111111111111111111110110010111        0    
506          1111111111111111111111111111111111111111111111111111110110010111        0    
507          1111111111111111111111111111111111111111111111111110010110010111        0    
508          1111111111111111111111111111111111111111111111111110010110011011        0    
509          1111111111111111111111111111111111111111111111111110110010011011        0    
510          1111111111111111111111111111111111111111111111111110110010011011        0    
511          1111111111111111111111111111111111111111111111111110110010011011        0    
512          1111111111111111111111111111111111111111111111111110110010011011        0    
513          1111111111111111111111111111111111111111111111111110110010011011        0    
514          1111111111111111111111111111111111111111111111111110110010011111        0    
515          1111111111111111111111111111111111111111111111111110111110011111        0    
516          1111111111111111111111111111111111111111111111111110111110011111        0    
517          1111111111111111111111111111111111111111111111111110011110011111        0    
518          1111111111111111111111111111111111111111111111111110011110110011        0    
519          1111111111111111111111111111111111111111111111111111111010110011        0    
520          1111111111111111111111111111111111111111111111111111111010110011        0    
521          1111111111111111111111111111111111111111111111111111111010110011        0    
522          1111111111111111111111111111111111111111111111111111011010110011        0    
523          1111111111111111111111111111111111111111111111111111011010110111        0    
524          1111111111111111111111111111111111111111111111111111010110110111        0    
525          1111111111111111111111111111111111111111111111111111010110110111        1    
526          1111111111111111111111111111111111111111111111111110110110110111        1    
527          1111111111111111111111111111111111111111111111111110110110110111        1    
528          1111111111111111111111111111111111111111111111111110110110111011        1    
529          1111111111111111111111111111111111111111111111111110010010111011        1    
530          1111111111111111111111111111111111111111111010111110010010111011        0    
531          1111111111111111111111111111111111111111111010111110010011111011        0    
532          1111111111111111111111111111111111111111111010111101110011111011        0    
533          1111111111111111111111111111111111111111111010111101110110111011        2    
534          1111111111111111111111111111111111111111111010111101010110111011        2    
535          1111111111111111111111111111111111111111110010111101010110111011        2    
536          1111111111111111111111111111111111111111110010111101010111111011        2    
537          1111111111111111111111111111111111111111110010111111110111111011        2    
538          1100011100010111111110111111011         0    
539          110011100010111111110111111011          0    
540          110011100010111111110111110111          0    
541          110011100011111111110101110111          0    
542          110011100011111111110101110111          0    
543          111111100011111111110111110111          0    
544          111111100011111111110111110011          0    
545          111111100011111111111101110011          0    
546          111111100011111111111101110011          0    
547          111111100011111111111101110011          0    
548          111111100011111111111111110011          0    
549          111011100011111111111110110010          1    
550          111011100100111111111110110010          1    
551          1111111111111111111111111111111111111111110100011111111110110010        0    
552          1111111111111111111111111111111111111111110100011111111110110010        0    
553          1111111111111111111111111111111111111111110100011111111111110010        0    
554          1111111111111111111111111111111111111111110100011110111111110010        0    
555          1111111111111111111111111111111111111111110100011110111111110010        0    
556          1111111111111111111111111111111111111111110100011110111100110010        0    
557          1111111111111111111111111111111111111111110100111101111100110010        0    
558          1111111111111111111111111111111111111111110100111101111100110010        0    
559          1111111111111111111111111111111111111111110100111101111100011110        0    
560          1111111111111111111111111111111111111111110100111100111100011110        0    
561          1111111111111111111111111111111111111111110100111100111100011110        0    
562          1111111111111111111111111111111111111111110100111100111100011110        0    
563          1111111111111111111111111111111111111111110101010111111100011110        0    
564          1111111111111111111111111111111111111111110101010111111100011110        3    
565          1111111111111111111111111111111111111111110101010111111100011010        3    
566          1111111111111111111111111111111111111111110101010110111100011010        3    
567          1111111111111111111111111111111111010111110101010110111100011010        0    
568          1111111111111111111111111111111111000111110101010110111100011010        0    
569          1111111111111111111111111111111111000111011101010110111111011010        0    
570          1111111111111111111111111111111111000111011101010111011111011010        0    
571          1111111111111111111111111111111110110111011101010111011111011010        0    
572          1111111111111111111111111111111110110111011101010111011110011010        0    
573          1111111111111111111111111111111110110111010101011011111110011010        3    
574          1111111111111111111111111111111110100111010101011011111110011010        3    
575          1111111111111111111111111111111110100111010101011011111101011010        3    
576          1111111111111111111111111111111110100111011101011011011101011010        3    
577          1111111111111111111111111111111110010111011101011011011101011010        3    
578          1111111111111111111111111111111110010111011101011011011101011010        3    
579          1111111111111111111111111111111110010111010101011010111101011010        3    
580          1111111111111111111111111111111110000111010101011010111101011010        3    
581          1111111111111111111111111111111110000111111101011010111101010110        1    
582          1111111111111111111111111111111110000111111101011011011101010110        1    
583          1111111111111111111111111111111111111111111101011011011101010110        0    
584          1111111111111111111111111111111111111111111101011011011101010110        0    
585          1111111111111111111111111111111111111111111101011011011101010110        2    
586          1111111111111111111111111111111111111111111101011011111101010110        2    
587          1111111111111111111111111111111111111111111101011011111101010110        2    
588          1111111111111111111111111111111111111111111101011011111101010010        2    
589          1111111111111111111111111111111111111111111101011001011101010010        2    
590          1111111111111111111111111111111111111111111101011001011101010010        2    
591          1111111111111111111111111111111111111111111101011001011101010010        2    
592          1111111111111111111111111111111111111111111101011000111101010010        2    
593          1010011111101111000111101010010         2    
594          1010111111101111000111101011110         2    
595          1010111111101111000111111011110         2    
596          110111111101111000111111011110          2    
597          110111110101111000111111011110          2    
598          110111110101111000110101011110          2    
599          110111110101111000110101011110          2    
600          110111110101111000110110011110          2    
601          110111101110111000110110011110          2    
602          10111101110111000110110011110           2    
603          10111101110111000110111011110           2    
604          10111100110111001010111011110           2    
605          10111100110111001010111011110           2    
606          10111100110111001011100011110           2    
607          11011100110111001111110011110           2    
608          11110100110111001111110011110           2    
609          11110100110111001111111011110           2    
610          11110100110111001111001011110           2    
611          11110100110111001111001011110           2    
612          110110100110111001111010011110          2    
613          110110100110111001111010011110          2    
614          110111100110111001111010011110          2    
615          110111100110111001111011011110          2    
616          110111011110111001111111011110          2    
617          110111111110111001111111011110          2    
618          110111111110111001111111011010          2    
619          110111110110111010011111011010          1    
620          110110010110111010011111011010          1    
621          110110001110111010011111011010          1    
622          110110001110111010111011011010          1    
623          1111111111111111111111111111111111111111111110111010111011011010        0    
624          1111111111111111111111111111111111111111111110111010111011011010        0    
625          1111111111111111111111111111111111111111110110111010111011010110        0    
626          1111111111111111111111111111111111111111110110110111111011010110        0    
627          1111111111111111111111111111111111111111110110110111111011010110        2    
628          1111111111111111111111111111111111111111110110110111111011010110        2    
629          1111111111111111111111111111111111111111110110110111111011010110        2    
630          1111111111111111111111111111111111111111110110110111111011010110        2    
631          1111111111111111111111111111111111111111110110110111111011010010        2    
632          1111111111111111111111111111111111111111110110010111111011010010        2    
633          1101110100110110111111011010010         0    
634          1101110100110110111111100010010         0    
635          1101110100110110111111110010010         0    
636          1111110100110110111111110010010         0    
637          1111110101110110111111111010010         0    
638          1111110101110110111111101010010         0    
639          1111111001110110111111101010010         0    
640          1111111010110110111111110010010         0    
641          1111111010110110101111110010010         0    
642          1111111110110110101111110010010         0    
643          1111111110110110101111110010110         0    
644          1111111111110110101111110010110         0    
645          1111110011110110101111110010110         0    
646          1111110011110110101111110010110         1    
647          1111110100110110101111110010110         1    
648          1101110100110110101111110010110         1    
649          1101110100110110101111110011010         1    
650          1111010100110110101111110011010         1    
651          111010100110110101111110011010          1    
652          111110100110110101111110011010          1    
653          111110100110110111111110011010          1    
654          1111111111111111111111111111111111111111110110010111111110011010        0    
655          1111111111111111111111111111111111111111110110010111111110011010        0    
656          1111111111111111111111111111111111111111110110010111111110011110        0    
657          1111111111111111111111111111111111111111110110010110111110011110        0    
658          1111111111111111111111111111111111111111110110010110111110011110        0    
659          1111111111111111111111111111111111111111110110010110111110011110        0    
660          1111111111111111111111111111111111111111111101110111111110011110        0    
661          1111111111111111111111111111111111111111111101110111111110011110        0    
662          1111111111111111111111111111111111111111111101110111111110010010        3    
663          1111111111111111111111111111111111111111110101110110111110010010        3    
664          111010110101110110111110010010          0    
665          111011110101110110111110010010          0    
666          111011111101110110111110010010          0    
667          111011111101010111111110010010          0    
668          111011111101010111111110010010          0    
669          111111111101010111111110010110          0    
670          111111111101010110111110010110          0    
671          111110111101010110111110010110          0    
672          111110111101010110111110010110          0    
673          1011010111101010101111110010110         0    
674          1011010111101010101111110010110         0    
675          1011010111101010101111110011010         0    
676          1011110111101010111111110011010         0    
677          1011111111101010111111110011010         0    
678          1011111111101010111111110011010         4    
679          1011011111101010111111110011010         4    
680          1011011111101010111111110011010         4    
681          1011111111101010111111111011010         4    
682          1011111111101011100111111011010         4    
683          1111111111111111111111111111111111111111111111111100111111011010        0    
684          1111111111111111111111111111111111111111111111111100111111011010        0    
685          1111111111111111111111111111111111111111111111111100111110011010        4    
686          1111111111111111111111111111111111111111111111111011111100011010        4    
687          1111111111111111111111111111111111111111111111111011111100011010        4    
688          1111111111111111111111111111111111111111111111111011111111011010        4    
689          1111111111111111111111111111111111111111111111111011111011011010        4    
690          1111111111111111111111111111111111111111111111111011111011011010        4    
691          1111111111111111111111111111111111111111111111111011111011011010        4    
692          1111111111111111111111111111111111111111111111111011111011011010        4    
693          1111111111111111111111111111111111111111111111111011111011011010        4    
694          1111111111111111111111111111111111111111111111111011111011010110        4    
695          1111111111111111111111111111111111111111111111111011111111010110        4    
696          1111111111111111111111111111111111111111111111111011111111010110        4    
697          1111111111111111111111111111111111111111111111111011111111010110        4    
698          1111111111111111111111111111111111111111111111111011111111010110        4    
699          1111111111111111111111111111111111111111111111111011111111010110        4    
700          1111111111111111111111111111111111111111111111111011111111010010        4    
701          1111111111111111111111111111111111111111111111111011111011010010        4    
702          1111111111111111111111111111111111111111111111111011111011010010        4    
703          1111111111111111111111111111111111111111111111111011111010010010        4    
704          1111111111111111111111111111111111111111111111111011111010010010        4    
705          1111111111111111111111111111111111111111111111111011111010010010        4    
706          1111111111111111111111111111111111111111111111111011111001010010        4    
707          1111111111111111111111111111111111111111111111111011011111010010        4    
708          1111111111111111111111111111111111111111111111111011011111010010        4    
709          1111111111111111111111111111111111111111111111111011011110010010        4    
710          1111111111111111111111111111111111111111111111111010111100010010        4    
711          1111111111111111111111111111111111111111111111111010111100010010        4    
712          1111111111111111111111111111111111111111111111111010111100010110        4    
713          1111111111111111111111111111111111111111111111111010011010010110        4    
714          1111111111111111111111111111111111111111111111111010011010010110        4    
715          1111111111111111111111111111111111111111111111111010011010010110        1    
