time         game_state
0            1111111111111111111111111111111111111111111111111110011111011110        0    
1            1111111111111111111111111111111111111111111111111110111111011110        0    
2            1111111111111111111111111111111111111111111111111110111111011110        0    
3            1111111111111111111111111111111111111111111111111111011111110010        0    
4            1111111111111111111111111111111111111111111111111111011111110010        0    
5            1111111111111111111111111111111111111111111111111111111111110010        1    
6            1111111111111111111111111111111111111111111111111111111111110010        1    
7            1111111111111111111111111111111111111111111111111000011110110010        1    
8            1111111111111111111111111111111111111111111111111000011110110010        1    
9            1111111111111111111111111111111111111111111111111000111111110010        1    
10           1111111111111111111111111111111111111111111111111000111101110010        1    
11           1111111111111111111111111111111111111111111111111000111111110010        1    
12           1111111111111111111111111111111111111111111111111000111111011110        1    
13           1111111111111111111111111111111111111111111111111000111101011110        1    
14           1111111111111111111111111111111111111111111111111000011100011110        1    
15           1111111111111111111111111111111111111111111111111000001110011110        1    
16           1111111111111111111111111111111111111111111111111111101111011110        1    
17           1111111111111111111111111111111111111111111111111111101111011110        1    
18           1111111111111111111111111111111111111111110011011111101111011110        0    
19           1111111111111111111111111111111111111111110011011111001111011010        0    
20           1111111111111111111111111111111111111111110011010111001111011010        0    
21           1111111111111111111111111111111111111111111011010111101111011010        2    
22           1111111111111111111111111111111111111111111011010110101111011010        2    
23           1111111111111111111111111111111111111111110011010110001111010110        2    
24           1111111111111111111111111111111111111111110011010111001111010110        2    
25           1111111111111111111111111111111111111101110011110111001111010110        0    
26           1111111111111111111111111111111111111111111011110111001111010110        0    
27           1111111111111111111111111111111111111111111011110111001111010110        0    
28           1111111111111111111111111111111111111111000011110111001111010010        0    
29           1111111111111111111111111111111111111111000011110111011011010010        0    
30           1111111111111111111111111111111111111110101011110111111100010010        0    
31           1111111111111111111111111111111111111110101011110111111110010010        0    
32           1111111111111111111111111111111111111010001011110111011111010010        0    
33           1111111111111111111111111111111111111010001011110111011101010010        0    
34           1111111111111111111111111111111111110111101011110111111110010010        0    
35           1111111111111111111111111111111111110111101011110111111110010010        0    
36           1111111111111111111111111111111111110111000011111101011111010010        3    
37           1111111111111111111111111111111111110111000011111101011111010010        3    
38           1111111111111111111111111111111111110101111011111101111000010010        3    
39           1111111111111111111111111111111111110101111011111101111010010010        3    
40           1111111111111111111111111111111111110101111011111101111010010010        0    
41           1111111111111111111111111111111111110101110011111101111011010010        0    
42           1111111111111111111111111111111111110101110011111110111011010010        0    
43           1111111111111111111111111111111111111111111011011110111010010010        4    
44           1111111111111111111111111111111111111111111011011111111010010010        4    
45           1111111111111111111111111111111111111111110011011111011010010110        4    
46           1111111111111111111111111111111111111111110011011000011010010110        4    
47           1111111111111111111111111111111111111111111111111000011010010110        0    
48           1111111111111111111111111111111111111111111111111111111010010110        0    
49           1111111111111111111111111111111111111111111111111111111010010110        0    
50           1111111111111111111111111111111111111111111111111111011010011010        0    
51           1111111111111111111111111111111111111111111111111111010110011010        0    
52           1111111111111111111111111111111111111111111111111111010110011010        3    
53           1111111111111111111111111111111111111111111111111111010110011010        3    
54           1111111111111111111111111111111111111111111111111110110110011110        3    
55           1111111111111111111111111111111111111111111111111110110010011110        3    
56           1111111111111111111111111111111111111101110010111110110010011110        0    
57           1111111111111111111111111111111111111111111010111110010010011110        0    
58           1111111111111111111111111111111111111111111010111111010010011110        0    
59           1111111111111111111111111111111111111111110010111101110010110010        2    
60           1111111111111111111111111111111111111111110010111111110010110010        2    
61           111111110010111111010010110010          2    
62           111111111010111111010010110010          2    
63           111111101010111111010010110010          0    
64           111011101010111111110010110110          0    
65           111011101010111111110110110110          0    
66           111111101011111111110110110110          0    
67           111111101011111111110110110110          0    
68           111111100011111111110110111010          3    
69           111111100011111111111010111010          3    
70           1111111111011111111111011111010         3    
71           1111111111011111111111011111010         3    
72           1111111111011111111111011111010         0    
73           1111011110011111111111110111010         0    
74           1111011110011111100111110111010         0    
75           1111111110100011100111111111010         4    
76           1111111110100011101111111111010         4    
77           1111111111100011101111111110110         4    
78           1111111111100011110111111110110         4    
79           1111111111111111111111111111111111111111111111111110111111110110        0    
80           1111111111111111111111111111111111111111111111111110111111110110        0    
81           1111111111111111111111111111111111111111111111111110111101110110        0    
82           1111111111111111111111111111111111111111111111111111011101110010        0    
83           1111111111111111111111111111111111111111111111111111010111110010        0    
84           1111111111111111111111111111111111111111111111111111110111110010        0    
85           1111111111111111111111111111111111111111111111111111110101110010        0    
86           1111111111111111111111111111111111111111111111111110010110110010        0    
87           1111111111111111111111111111111111111111111111111110010110110010        0    
88           1111111111111111111111111111111111111111111111111110110111110010        0    
89           1111111111111111111111111111111111111111111111111110110111110010        0    
90           1111111111111111111111111111111111111111111111111111011000110010        0    
91           1111111111111111111111111111111111111111111111111111011110110010        0    
92           1111111111111111111111111111111111111111111111111111111110011110        0    
93           1111111111111111111111111111111111111111111111111111111100011110        0    
94           1111111111111111111111111111111111111111111111111110011100011110        0    
95           1111111111111111111111111111111111111111111111111110011010011110        0    
96           1111111111111111111111111111111111111111111111111110111010011010        0    
97           1111111111111111111111111111111111111111111111111110111000011010        1    
98           1111111111111111111111111111111111111111111111111111011000011010        1    
99           1111111111111111111111111111111111111111111111111111011110011010        1    
100          1111111111111111111111111111111111111111111111111111111110010110        1    
101          1111111111111111111111111111111111111111111111111111111100010110        1    
102          1111111111111111111111111111111111111111111111111110011100010110        1    
103          1111111111111111111111111111111111111111111111111110011010010110        1    
104          1111111111111111111111111111111111111111111100111110011010010110        0    
105          1111111111111111111111111111111111111111110100111110011010010010        0    
106          1111111111111111111111111111111111111111110100111111011010010010        0    
107          1111111111111111111111111111111111111111111101011111011011010010        2    
108          1111111111111111111111111111111111111111111101011110011011010010        2    
109          1111111111111111111111111111111111111111110101011110011010010010        2    
110          1111111111111111111111111111111111111111110101011011011010010010        2    
111          1111111111111111111111111111111110010100100101111011011010010010        0    
112          1111111111111111111111111111111110010100111101111011111011010010        0    
113          1111111111111111111111111111111110010100111101111011111111010010        0    
114          1111111111111111111111111111111110110100110101111011011111010110        1    
115          1111111111111111111111111111111110110100110101111011011111010110        1    
116          1111111111111111111111111111111111111111110101011011011111010110        0    
117          1111111111111111111111111111111111111111111101011011111111010110        0    
118          1111111111111111111111111111111111111111111101011010111111010110        0    
119          1111111111111111111111111111111111111111111101011010011111011010        0    
120          1111111111111111111111111111111111111111111101011001011111011010        0    
121          1111111111111111111111111111111111111111111101111001011111011010        3    
122          1111111111111111111111111111111111111111111101111000011111011010        3    
123          1111111111111111111111111111111110111101111101111000011111011010        0    
124          1111111111111111111111111111111110110110011101111000011110011010        0    
125          1111111111111111111111111111111110110110011101111001011110011010        2    
126          1111111111111111111111111111111110110110110110011001011111011010        2    
127          1111111111111111111111111111111110110110110110011010011111011010        2    
128          1111111111111111111111111111111111100110111110011111111110011010        2    
129          1111111111111111111111111111111111100110111110011111111110011010        2    
130          1111111111111111111111111111111111100110111110111111111110011010        0    
131          1111111111111111111111111111111111110110100110111111011110011010        0    
132          1111111111111111111111111111111111110110100110111111011110011010        0    
133          1111111111111111111111111111111111100110101110111111111110010110        1    
134          1111111111111111111111111111111111100110110110111111011110010110        1    
135          1111111111111111111111111111111111100110110110111111011110010110        1    
136          1111111111111111111111111111111111111111110110011111011110010110        0    
137          1111111111111111111111111111111111111111110110011111111110010010        0    
138          1111111111111111111111111111111111111111110110011111111110010010        0    
139          1111111111111111111111111111111111111111110110011111011110010010        0    
140          1111111111111111111111111111111111111111110110011101011110010010        0    
141          1111111111111111111111111111111111111111110110011101111110011110        0    
142          1111111111111111111111111111111111111111110110011100111110011110        0    
143          1111111111111111111111111111111111111111110110011100111110011110        0    
144          1111111111111111111111111111111111111111110110010111111110011110        0    
145          1111111111111111111111111111111111111111110110110111111110011010        4    
146          1111111111111111111111111111111111111111110110110110111110011010        4    
147          1111111111111111111111111111111111111111110110110110111110011010        4    
148          1111111111111111111111111111111111111111110110110101111110011010        4    
149          1111111111111111111111111111111111111111111111110101111110011010        0    
150          1111111111111111111111111111111111111111111111110101011110010110        4    
151          1111111111111111111111111111111111111111111111110101011110010110        4    
152          1111111111111111111111111111111111111111111111110101111110010110        4    
153          1111111111111111111111111111111111111111111111110101111110010110        4    
154          1111111111111111111111111111111111111111111111110111011110010010        4    
155          1111111111111111111111111111111111111111111111110111011110010010        3    
156          1111111111111111111111111111111111111111111111110111111111010010        3    
157          1111111111111111111111111111111111111111111111110111111101010010        3    
158          1111111111111111111111111111111111111111111111110111111100010010        3    
159          1111111111111111111111111111111111111111111111110111111110010010        3    
160          1111111111111111111111111111111111101100110111010111111110010010        0    
161          1111111111111111111111111111111111010000110111010111111011010010        3    
162          1111111111111111111111111111111111010000110111010110111011010010        3    
163          1111111111111111111111111111111111010100110111110110111011010110        3    
164          1111111111111111111111111111111111010100110111110111111011010110        3    
165          1111111111111111111111111111111111110100111111110111011011010110        2    
166          1111111111111111111111111111111111110100111111111110011011010111        2    
167          1111111111111111111111111111111111110100101111111110011011010111        0    
168          1111111111111111111111111111111111110100101111111110011111010111        0    
169          1111111111111111111111111111111111110100101111111110011111010111        3    
170          1111111111111111111111111111111111110100111111111110011111010111        0    
171          1111111111111111111111111111111111110101110111111101111110010111        0    
172          1111111111111111111111111111111111110101110111111101101111011111        0    
173          1111111111111111111111111111111111110111110111111111101111011111        0    
174          1111111111111111111111111111111111010111110111111111101111110011        0    
175          1111111111111111111111111111111111111111110111111111101111110011        0    
176          1111111111111111111111111111111111111111111111111111001111110011        0    
177          1111111111111111111111111111111111111111111111111111001111110011        0    
178          1111111111111111111111111111111111111111111111111111001111110011        0    
179          1111111111111111111111111111111111111111111111111111001110110011        4    
180          1111111111111111111111111111111111111111111111111101001110110011        4    
181          1111111111111111111111111111111111111111111111111101001111110011        4    
182          1111111111111111111111111111111111111111111111111101001111110011        4    
183          1111111111111111111111111111111111111111111111111100101111110011        0    
184          1111111111111111111111111111111111111111111111111100101111110011        1    
185          1111111111111111111111111111111111111111111111111100101101110011        1    
186          1111111111111111111111111111111111111111111111111100101101011111        1    
187          1111111111111111111111111111111111111111111111111100101111011111        1    
188          1111111111111111111111111111111111111111110111111100101111011111        2    
189          1111111111111111111111111111111111111111110111111100101111011111        2    
190          1111111111111111111111111111111111111111110111110111101111011111        2    
191          1111111111111111111111111111111111111111111111110111001111011111        2    
192          1111111111111111111111111111111111111111110111110111001111011011        2    
193          1111111111111111111111111111111111111111110111110110001111011011        2    
194          1111111111111111111111111111111111111111111111110110001111011011        2    
195          1111111111111111111111111111111111111111111111110101001111011011        2    
196          1111111111111111111111111111111111111111101111110101001111011011        2    
197          1111111111111111111111111111111111111010001111110101001110011011        2    
198          1111111111111111111111111111111111111010001111110111101110011011        2    
199          1111111111111111111111111111111111111110101111110111101111011011        2    
200          1111111111111111111111111111111111111110101111110111101111011011        2    
201          1111111111111111111111111111111111111110100111110111101111011011        1    
202          1111111111111111111111111111111111111110100111110111101111011011        1    
203          1111111111111111111111111111111111111101111111110111001111011111        1    
204          1111111111111111111111111111111111111101111111110111001111011111        1    
205          1111111111111111111111111111111111111101110111110111001111011111        1    
206          1111111111111111111111111111111111111101110111110111001111011111        1    
207          1111111111111111111111111111111111111111110111110111001111011111        1    
208          1111111111111111111111111111111111111111111111110111001111110011        1    
209          1111111111111111111111111111111111111111111111110111001111110011        1    
210          1111111111111111111111111111111111111111110111110110101111110011        1    
211          1111111111111111111111111111111111111111110111110011101111110011        1    
212          1111111111111111111111111111111111111111110111110011101110110011        1    
213          1111111111111111111111111111111111111111110111110010101110110011        1    
214          1111111111111111111111111111111111111111110111110010101101110011        1    
215          1111111111111111111111111111111111111111110111110011101101110011        1    
216          1111111111111111111111111111111111111111110111110011001101110011        1    
217          1111111111111111111111111111111111111111111111110011001101110011        1    
218          1111111111111111111111111111111111111111111111110010001101110011        1    
219          1111111111111111111111111111111111111111110111110010001101011111        1    
220          1111111111111111111111111111111111111111110111101111001101011111        1    
221          1111111111111111111111111111111111111111111111101111001100011111        1    
222          1111111111111111111111111111111111111111111111101110001100011111        1    
223          1111111111111111111111111111111111111111111111101111101100011111        1    
224          1111111111111111111111111111111111111111110111101111101111011111        1    
225          1111111111111111111111111111111111111111110111101101101111011111        1    
226          1111111111111111111111111111111111111111111111101101101111011011        1    
227          1111111111111111111111111111111111111111111111101101101111011011        1    
228          1111111111111111111111111111111111111111111111101101101111011011        1    
229          1111111111111111111111111111111111111111111111101011101111011011        1    
230          1111111111111111111111111111111111111111111111101011001111011011        1    
231          1111111111111111111111111111111111111111111111101011001111010111        1    
232          1111111111111111111111111111111111111111111111101011001111010111        1    
233          1111111111111111111111111111111111111111110111101011001111010111        1    
234          1111111111111111111111111111111111111111110111101001001111010111        1    
235          1111111111111111111111111111111111111111111111101001001111010011        1    
236          1111111111111111111111111111111111111111111111101000101111010011        1    
237          1111111111111111111111111111111111111111110111101000101100010011        2    
238          1111111111111111111111111111111111111111110111100111101100010011        2    
239          1111111111111111111111111111111111111111111111100111101101010011        2    
240          1111111111111111111111111111111111111111111111100110101101010011        2    
241          1111111111111111111111111111111111111111110111100110101110010011        2    
242          1111111111111111111111111111111111111111110111010101101110010011        2    
243          1111111111111111111111111111111111110111100111110101101110010011        3    
244          1111111111111111111111111111111110111011100111110101101110010011        3    
245          1111111111111111111111111111111110111011100111110101101110010011        3    
246          1111111111111111111111111111111110111111100111110101101110011111        3    
247          1111111111111111111111111111111110111111100111110101111110011111        3    
248          1111111111111111111111111111111110111111101111100101111110011111        3    
249          1111111111111111111111111111111110111111101111100101111110011111        3    
250          1111111111111111111111111111111110111111111111000101111110011111        3    
251          1111111111111111111111111111111110111111110111000101111111011111        3    
252          1111111111111111111111111111111110111111110111000110111111011111        3    
253          1111111111111000110111110011111         2    
254          1111111111111000111111110011111         2    
255          1111111010110110111111011011111         2    
256          1111111010110111000111011011111         2    
257          1111111000110111000111011011111         0    
258          1111111001110111000111010011111         2    
259          1111111001110111000111110011111         2    
260          1111011101110111000111101011111         2    
261          1111011101110111000111111011111         2    
262          1111011101110111001011111011111         2    
263          1110110001110111001011110011111         2    
264          1110110001110111001011000011111         2    
265          1110110100110111001011000011011         2    
266          1110110100110111001011010011011         2    
267          1110101111110111001011010011011         3    
268          1110101111110111001011010011011         0    
269          1110101111110111001111010011011         0    
270          1110101110110111001111010010111         4    
271          1110111111110111011111010010111         4    
272          1110111110110111011111010010011         4    
273          1111111111111111111111111111111111111111111111111011111010010011        0    
274          1111111111111111111111111111111111111111111111101011111010010011        4    
275          1111111111111111111111111111111111111111111111101011111111010011        4    
276          1111111111111111111111111111111111111111111111101011110110010011        4    
277          1111111111111111111111111111111111111111111111101011110101010011        3    
278          1111111111111111111111111111111111111111111111111011110101010011        3    
279          1111111111111111111111111111111111111111111111111011110111010111        3    
280          111111110110011011110111010111          0    
281          111111111110011101110111010111          4    
282          111111110110011101110111011011          4    
283          111111110110001101110111011011          4    
284          111111011110001111110111011011          4    
285          1111111111111111111111111111111111111111111111101111110111011011        4    
286          1111111111111111111111111111111111111111111111101111110101011111        4    
287          1111111111111111111111111111111111111111111111101111101110011111        4    
288          1111111111111111111111111111111111111111111111101111001110011111        4    
289          1111111111111111111111111111111111111111111111101111001110011110        4    
290          1111111111111111111111111111111111111111111111101111001111011110        4    
291          1111111111111111111111111111111111111111111111101110101111011110        4    
292          1111111111111111111111111111111111111111111111101110101010011110        4    
293          1111111111111111111111111111111111111111111111111110101010011110        4    
294          1111111111111111111111111111111111111111111111111110101000011010        4    
295          1111111111111111111111111111111111111111111111101110101000011010        4    
296          1111111111111111111111111111111111111111111111101110101110011010        4    
297          1111111111111111111111111111111111111111111111111110101110011010        4    
298          1111111111111111111111111111111111111111111111111110101100010110        4    
299          1111111111111111111111111111111111111111111111111111001100010110        4    
300          1111111111111111111111111111111111111111111111111111001010010110        4    
301          1111111111111111111111111111111111111111111111111111101010010110        4    
302          1111111111111111111111111111111111111111111111111111101000010010        4    
303          1111111111111111111111111111111111111111111111111110001000010010        4    
304          1111111111111111111111111111111111111111111111111110111111010010        4    
305          1111111111111111111111111111111111111111111111111110111111010010        4    
306          1111111111111111111111111111111111111111111111111110111110010010        4    
307          1111111111111111111111111111111111111111111111111111111110010010        4    
308          1111111111111111111111111111111111111111111111111111110111010010        4    
309          1111111111111111111111111111111111111111111111101111110111010010        4    
310          1111111111111111111111111111111111111111111111101111110101010110        4    
311          1111111111111111111111111111111111111111111111111111110101010110        4    
312          1111111111111111111111111111111111111111111111111111110111010110        1    
313          1111111111111111111111111111111111111111111111101111110111010110        1    
314          1111111111111111111111111111111111111111111111101111110101011010        1    
315          1111111111111111111111111111111111111111111111111111110101011010        1    
316          1111111111111111111111111111111111111111111111111111101111011010        1    
317          1111111111111111111111111111111111111111111100011111101111011010        1    
318          1111111111111111111111111111111111111111111100001111101111011010        1    
319          1111111111111111111111111111111111111111110100001111101111011110        1    
320          1111111111111111111111111111111111111111110011111111101111011110        1    
321          1111111111111111111111111111111111111111110011111111101110011110        1    
322          1111111111111111111111111111111111111111110011101111101110011110        1    
323          1111111111111111111111111111111111111111110011101011101111011110        1    
324          1111111111111111111111111111111111111111110011011011101111011110        1    
325          1111111111111111111111111111111111111111110011011011101110011110        1    
326          1111111111111111111111111111111111111111110011001011101110011110        1    
327          1111111111111111111111111111111111111111110011001011101111011110        1    
328          1111111111111111111111111111111111111111110010111011101111011110        1    
329          1111111111111111111111111111111111111111110010111011101110011110        4    
330          1111111111111111111111111111111111111111110010101011101110011110        4    
331          1111111111111111111111111111111111111111110010100111101111011110        4    
332          1111111111111111111111111111111111111111110010010111101111011110        4    
333          1111111111111111111111111111111111111111110010010111101110011110        4    
334          1111111111111111111111111111111111111111110010000111101110011110        4    
335          1111111111111111111111111111111111111111110010000111101111011110        4    
336          1111111111111111111111111111111111111111111111100111101111011110        4    
337          1111111111111111111111111111111111111111111111110111101111011110        4    
338          1111111111111111111111111111111111111111111111110111101110011110        4    
339          1111111111111111111111111111111111111111111111100111101110011110        4    
340          1111111111111111111111111111111111111111111111100111101110011110        4    
341          1111111111111111111111111111111111111111111111110111101110011110        4    
342          1111111111111111111111111111111111111111111111110111101110010010        4    
343          1111111111111111111111111111111111111111111111110111101110010010        4    
344          1111111111111111111111111111111111111111111111110111101110010010        1    
345          1111111111111111111111111111111111111111111111110101101110010010        1    
346          1111111111111111111111111111111111111111111111110101101101010010        1    
347          1111111111111111111111111111111111111111111111110101101101010010        1    
348          1111111111111111111111111111111111111111111111110101101110010010        1    
349          1111111111111111111111111111111111111111111111100101101110010010        1    
350          1111111111111111111111111111111111111111111111100101101011010010        1    
351          1111111111111111111111111111111111111111110001100101101011010010        1    
352          1111111111111111111111111111111111111111110001110101101011010010        1    
353          1111111111111111111111111111111111111111111001110100101011010110        1    
354          1111111111111111111111111111111111111111111010000100101011010110        1    
355          1111111111111111111111111111111111111111110010000111101011010110        1    
356          1111111111111111111111111111111111111111110010000111101011010110        1    
357          1111111111111111111111111111111111111111111010000111101011011010        2    
358          1111111111111111111111111111111111111111111010000111101011011010        2    
359          1111111111111111111111111111111111111111110010000101101011011010        2    
360          1111111111111111111111111111111110011111100010100101101011011010        0    
361          1111111111111111111111111111111110011111100010100111101011011010        0    
362          1111111111111111111111111111111110011010000010100111101010011010        2    
363          1111111111111111111111111111111110011010000010100111101010011010        2    
364          1111110000010100111101101011010         2    
365          1111110000010110111101101011010         2    
366          1101010000010110111101110011010         2    
367          1101010000010100111101110011010         2    
368          1011110000010100111101000011010         2    
369          1011110000010110111101000011010         2    
370          1011111101010110111101010010110         2    
371          1011111101010110111101010010110         2    
372          1011111010010110111101100010110         2    
373          1011111010010110111101100010110         2    
374          1011110111010110111101110010010         2    
375          1011110111010111001101110010010         2    
376          1011110100010111001110111010010         2    
377          1011110100010111001110111010010         2    
378          1001110101010111001110110010010         2    
379          1001110101010111001110110010010         2    
380          111110110010111001110101010010          3    
381          111110110010111001110101010010          3    
382          101110111010111001110111010110          3    
383          101110111010111011110111010110          3    
384          11111000010111011111101010110           3    
385          11111010010111011111101010110           0    
386          11111010011001011111101010110           3    
387          11111111011001010111101011010           3    
388          11111111011011010111101011010           3    
389          11111111011011011111101011011           3    
390          11111010011011011111101011011           3    
391          11111010011011110111101011011           3    
392          11111010011101111111101011011           3    
393          11111010011101110111101011011           3    
394          11111111011101110111100011011           4    
395          11111111011101111111100011011           4    
396          11111111011111010111100011011           4    
397          1111111111111111111111111111111111111111111111111010111100011011        0    
398          1111111111111111111111111111111111111111111111111010110110011011        4    
399          1111111111111111111111111111111111111111111111111010110111011011        4    
400          1111111111111111111111111111111111111111111111111010110111011011        4    
401          1111111111111111111111111111111111111111111111101010110111011011        1    
402          1111111111111111111111111111111111111111111111101010110011011011        1    
403          1111111111111111111111111111111111111111111111101010110011011011        1    
404          1111111111111111111111111111111111111111111111101010110010011011        1    
405          1111111111111111111111111111111111111111111111101010101110011011        1    
406          1111111111111111111111111111111111111111110100001010101110011011        1    
407          1111111111111111111111111111111111111111110100011010101110011011        1    
408          1111111111111111111111111111111111111111110100011111101110011011        1    
409          1111111111111111111111111111111111111111110100011110101111011011        1    
410          1111111111111111111111111111111111111111110100011111101111011011        1    
411          1111111111111111111111111111111111111111110100101111101111011011        1    
412          1111111111111111111111111111111111111111110100101110101111011011        1    
413          1111111111111111111111111111111111111111110100101011101111011011        1    
414          1111111111111111111111111111111111111111110100101011101111011011        2    
415          1111111111111111111111111111111111111111110100101010101111011011        2    
416          1111111111111111111111111111111111111111110100101011101111011011        2    
417          1111111111111111111111111111111111111111110100101011101111011011        2    
418          1111111111111111111111111111111111111111110100101001101111011011        2    
419          1111111111111111111111111111111111010111100100101001101111011011        0    
420          1111111111111111111111111111111111010111100100101001101111010111        0    
421          1111111111111111111111111111111111010111100100101001110001010111        0    
422          1111111111111111111111111111111111010111100100101001110001010111        2    
423          1111111111111111111111111111111111010111100100101001110011010111        2    
424          1111111111111111111111111111111111010111100100101001110011010111        2    
425          1111111111111111111111111111111111010111100100101001110011010111        3    
426          1111111111111111111111111111111111010111100100101001110101010111        3    
427          1111111111111111111111111111111111111111100100101001110101010111        3    
428          1111111111111111111111111111111111111111100100101001110111010111        3    
429          1111111111111111111111111111111111111111100100101001110111010111        3    
430          1111111111111111111111111111111111111111100100101001111001010111        3    
431          1111111111111111111111111111111111111111110100101001111001010111        3    
432          1111111111111111111111111111111111111111110100101001111001010111        3    
433          1111111111111111111111111111111111111111110100101010111001010111        3    
434          1111111111111111111111111111111111111111110100101010111001010011        3    
435          1111111111111111111111111111111111111111110100101010111001010011        3    
436          1111111111111111111111111111111111111111110100101011111001010011        3    
437          1111111111111111111111111111111111111111110100101011111001010011        3    
438          1111111111111111111111111111111111111111110100101100111001010011        3    
439          1111111111111111111111111111111111111111110100101100111001010011        3    
440          1111111111111111111111111111111111111111110100101101111001010011        3    
441          1111111111111111111111111111111111111011110100101101111001010011        3    
442          1111111111111111111111111111111111111011110100101101111001010011        3    
443          1111111111111111111111111111111111111011110100101110111001010011        3    
444          1111111111111111111111111111111111111110110100100111111001010011        3    
445          1111111111111111111111111111111111111110110100100111111001010011        3    
446          1111111111111111111111111111111111111110111100100111111001010011        4    
447          1111111111111111111111111111111111111110111100101111111001010011        4    
448          1111111111111111111111111111111111111111111111101111111001011111        0    
449          1111111111111111111111111111111111111111111111101111111001011111        0    
450          1111111111111111111111111111111111111111111111101111110111011111        0    
451          1111111111111111111111111111111111111111111111101111110111011111        4    
452          1111111111111111111111111111111111111111111111101111110101011111        4    
453          1111111111111111111111111111111111111111111111101111110101011111        4    
454          1111111111111111111111111111111111111111111111101111110011011111        1    
455          1111111111111111111111111111111111111111111111101111110011011111        1    
456          1111111111111111111111111111111111111111111111101111110001011111        1    
457          1111111111111111111111111111111111111111111111101110110001011111        1    
458          1111111111111111111111111111111111111111111111101110110001011111        1    
459          1111111111111111111111111111111111111111111111101110101111011111        1    
460          1111111111111111111111111111111111111111110100101110101111011111        1    
461          1111111111111111111111111111111111111111111100101110101111011111        1    
462          1111111111111111111111111111111111111111111100100111101110011111        1    
463          1111111111111111111111111111111111111111110100100111101110011111        2    
464          1111111111111111111111111111111111111111110100100110101110011111        2    
465          1111111111111111111111111111111111111111110100100110101110011111        2    
466          1111111111111111111111111111111111111111110100100110101110011111        2    
467          1111111111111111111111111111111111111111110100100111101110011111        2    
468          1111111111111111111111111111111110111001100100100111101110011111        0    
469          1111111111111111111111111111111110111101100100100111101111011111        2    
470          1111111111111111111111111111111110111101100100100111110011011111        2    
471          1111111111111111111111111111111110111101101100100111110011011111        2    
472          1111111111111111111111111111111110111101101100100111110011011111        2    
473          1111111111111111111111111111111110111101101100100101110011011111        2    
474          1111111111111111111111111111111110111101110100100101110011011111        2    
475          1111111111111111111111111111111110111101110100100101110111011111        2    
476          1111111111111111111111111111111110111101110100100101110100011111        2    
477          1111111111111111111111111111111110111101111100100101110100011111        4    
478          1111111111111111111111111111111110111101111100100101110110011111        4    
479          1111111111111111111111111111111111111111111111100101110110011111        0    
480          1111111111111111111111111111111111111111111111100101110110011111        0    
481          1111111111111111111111111111111111111111111111100101110100011111        0    
482          1111111111111111111111111111111111111111111111100101110100011111        0    
483          1111111111111111111111111111111111111111111111100101110110011111        4    
484          1111111111111111111111111111111111111111111111100101110111011111        4    
485          1111111111111111111111111111111111111111111111100101110111011111        4    
486          1111111111111111111111111111111111111111111111100101110101011111        4    
487          1111111111111111111111111111111111111111111111100101110101011111        2    
488          1111111111111111111111111111111111111111111111100101101111011111        2    
489          1111110001100100101101111011111         0    
490          1111110100100100101101111011111         0    
491          1111110100100100101110101011111         0    
492          1111110100100100101110101011011         0    
493          1111111111100100101110101011011         0    
494          1111111111100100101110111011011         3    
495          1111111110100110101110111011011         3    
496          1111111110100110101110101011011         3    
497          1111101101100110101110101011011         3    
498          1111101101100110101110111011011         3    
499          1111101101100110101110111011011         3    
500          1111101100100110101110111011011         3    
501          1111101100100110101111101011011         3    
502          1111101110100110101111101011011         3    
503          1111101110101000101111101011011         3    
504          1111101110101000110111101011011         3    
505          1111101110101000110111101011011         4    
506          1111101110101000111111101010111         4    
507          1111111111101000111111101010111         4    
508          1111111111101001100111101010111         4    
509          1111111111111111111111111111111111111111111111101100111101010111        0    
510          1111111111111111111111111111111111111111111111111100111101010111        0    
511          1111111111111111111111111111111111111111111111111100111101010111        0    
512          1111111111111111111111111111111111111111111111111100110111010111        4    
513          1111111111111111111111111111111111111111111111111100110111010111        4    
514          1111111111111111111111111111111111111111111111111100110101010111        4    
515          1111111111111111111111111111111111111111111111111100110101010111        3    
516          1111111111111111111111111111111111111111111111111100110111010111        3    
517          1111111111111111111111111111111111111111111111111101110111010111        3    
518          1111111111111111111111111111111111111111111111111101110111010111        3    
519          1111111111111111111111111111111111111111111111111101110101010111        3    
520          1111111111111111111111111111111111111111111111111101110101010010        3    
521          1111111111111111111111111111111111111111111111111101101111010010        3    
522          1111111111111111111111111111111110111111011101011101101111010010        3    
523          1111111111111111111111111111111110111110111101011101101110010010        3    
524          1111111111111111111111111111111110111110111101011101101110010010        3    
525          1111111111111111111111111111111110111110111101011111101110010010        3    
526          1111111111111111111111111111111110111110010101011111101111010010        3    
527          1111111111111111111111111111111110111110010101011110101111010010        3    
528          1111111111111111111111111111111110111110010101011110101111010010        3    
529          1111111111111111111111111111111110111111111101011110101110010010        3    
530          1111111111111111111111111111111110111111111101011111101110010010        3    
531          1111111111111111111111111111111110111111111101101111101110010010        3    
532          1111111111111111111111111111111110111111110101101111101111010010        3    
533          1111111111111111111111111111111110111111110101101110101111010010        3    
534          1111111111111111111111111111111110111111110101111110101111010010        3    
535          1111111111111111111111111111111110111111111101111110101111010110        3    
536          1111111111111111111111111111111110111111111101111111101111010110        3    
537          1111111111111111111111111111111110111111111110001111101111010110        3    
538          1111111111111111111111111111111110111111110110001111101111010110        3    
539          1111111111111111111111111111111110111111110110001110101111010110        3    
540          1111111111111111111111111111111110111111110110001111101111010110        3    
541          1111111111111111111111111111111111111011110110001111101111011010        3    
542          1111111111111111111111111111111111111011110110001111101111011010        3    
543          1111111111111111111111111111111111111011110110001111101111011010        3    
544          1111111111111111111111111111111111111111110110001111101111011010        3    
545          1111111111111111111111111111111111111111110110010111101111011010        3    
546          1111111111111111111111111111111111111111110110011000101111011010        3    
547          1111111111111111111111111111111111111111111110011000101111011110        3    
548          1111111111111111111111111111111111111111111110011001101111011110        3    
549          1111111111111111111111111111111111111111111101111001101111011110        3    
550          1111111111111111111111111111111111111111110101111001101110011110        3    
551          1111111111111111111111111111111111111111110101111010101110011110        3    
552          1111111111111111111111111111111111111111110101111010101110011110        3    
553          111111111101111010101111011110          3    
554          111111111101111011101111011110          3    
555          111111111101011011101111011110          3    
556          111111110101011011101110011110          3    
557          111111110101011100101110011110          3    
558          111111110101011100101110011110          3    
559          111111111101011100101111011110          3    
560          111111111101011101101111011110          3    
561          111111111101011101101111011110          3    
562          111011111101011101101111011110          3    
563          111011111101011111101111011110          3    
564          111011111101011111101111011110          3    
565          1111111111101011111101111010010         3    
566          1111111111101011111101111010010         3    
567          1111111111101011111101111010010         3    
568          1111111110101011111101111010010         3    
569          1111111110101011010101111010010         3    
570          1111111110101011010101111010010         3    
571          1111111111101011010101110010010         3    
572          1111111111101011011101110010010         3    
573          1111111111101011011101110010010         3    
574          1111011110101011011101111010010         2    
575          1111011110101011011101111010010         2    
576          1111011110101011011101111010010         2    
577          1111111111111111111111111111111110101111110101011011101110010010        2    
578          1111111111111111111111111111111110101111110101011011101110010010        2    
579          1111111111111111111111111111111110101111110101111011101110010010        0    
580          1111111111111111111111111111111110111111111101111011101110010110        0    
581          1111111111111111111111111111111110111111111101111011111000010110        2    
582          1111111111111111111111111111111110111111111101111011111000010110        2    
583          1111111111111111111111111111111110101111100101111011111000010110        2    
584          1111111111111111111111111111111110101111100101111011111010010110        2    
585          1111111111111111111111111111111110101111100110111011111010010110        2    
586          1111111111111111111111111111111110111111101110111011111010011010        2    
587          1111111111111111111111111111111110111111101110111011111100011010        2    
588          1111111111111111111111111111111110111111101110111011111100011010        3    
589          1111111111111111111111111111111110111110010110111011111100011010        3    
590          1111111111111111111111111111111110111110010110111011111110011010        3    
591          1111111111111111111111111111111110111110010110111011111110011010        3    
592          1111111111111111111111111111111110111110111110111011111111011010        3    
593          1111111111111111111111111111111110111110111110111011111001011010        3    
594          1111111111111111111111111111111110111110111110111011111001011010        0    
595          1111111111111111111111111111111110111111110110111011111010011010        3    
596          1111111111111111111111111111111110111111110110111111111010011010        3    
597          1111111111111111111111111111111110111111110110111100111010011010        3    
598          1111111111111111111111111111111110111111110110111100111011011010        3    
599          1111111111111111111111111111111110111111110110111101111011011010        3    
600          1111111111111111111111111111111110111111110110111101111011011010        3    
601          1111111111111111111111111111111110111110110110111101111011011110        4    
602          1111111111111111111111111111111110111110110110111110111011011110        4    
603          1111111111111111111111111111111111111111111111111111111011011110        0    
604          1111111111111111111111111111111111111111111111111111111011011110        0    
605          1111111111111111111111111111111111111111111111111111111111011110        0    
606          1111111111111111111111111111111111111111111111111111111111011110        0    
607          1111111111111111111111111111111111111111111111111111111111110010        4    
608          1111111111111111111111111111111111111111111111111111111111110010        4    
609          1111111111111111111111111111111111111111111111111110111111110010        4    
610          1111111111111111111111111111111111111111111111111110111111110010        4    
611          1111111111111111111111111111111111111111111111111110111011110010        4    
612          1111111111111111111111111111111111111111111111111110111011110010        4    
613          1111111111111111111111111111111111111111111111111110111011110110        4    
614          1111111111111111111111111111111111111111111111111110111011110110        4    
615          1111111111111111111111111111111111111111111111111110111011110110        4    
616          1111111111111111111111111111111111111111111111111110111011110110        4    
617          1111111111111111111111111111111111111111111111111110101111110110        4    
618          1111111111111111111111111111111111111111111111111110101111110110        4    
619          1111111111111111111111111111111111111111111111111110101111111010        4    
620          1111111111111111111111111111111111111111111111111110101111111010        4    
621          1111111111111111111111111111111111111111111111111111101111111010        4    
622          1111111111111111111111111111111111111111111111111111101100111010        4    
623          1111111111111111111111111111111111111111111111111111101110111010        4    
624          1111111111111111111111111111111111111111111111111111101110111010        4    
625          1111111111111111111111111111111111111111111111111111101111111010        4    
626          1111111111111111111111111111111111111111111111111111101101111010        4    
627          1111111111111111111111111111111111111111111111111110101101111010        4    
628          1111111111111111111111111111111111111111111111111110101110111010        4    
629          1111111111111111111111111111111111111111111111111110101110111010        4    
630          1111111111111111111111111111111111111111111111111110101110111010        4    
631          1111111111111111111111111111111111111111111111111110101111111010        4    
632          1111111111111111111111111111111111111111111111111110101111111010        4    
633          1111111111111111111111111111111111111111111111111111101111111010        4    
634          1111111111111111111111111111111111111111111111111111110100111010        4    
635          1111111111111111111111111111111111111111111111111111110010111010        4    
636          1111111111111111111111111111111111111111111111111111110010111010        4    
637          1111111111111111111111111111111111111111111111111111110011111010        4    
638          1111111111111111111111111111111111111111111111111111110001111010        4    
639          1111111111111111111111111111111111111111111111111110110001111010        4    
640          1111111111111111111111111111111111111111111111111110110010111010        4    
641          1111111111111111111111111111111111111111111111111110111110111010        4    
642          1111111111111111111111111111111111111111111111111110011110111010        1    
643          1111111111111111111111111111111111111111111111111110011110110110        1    
644          1111111111111111111111111111111111111111111111111110011110110110        1    
645          1111111111111111111111111111111111111111111111111111111110110110        1    
646          1111111111111111111111111111111111111111111111111111111110110110        1    
647          1111111111111111111111111111111111111111111111111111111010110110        1    
648          1111111111111111111111111111111111111111110111111111011010110110        0    
649          1111111111111111111111111111111111111111111111111111011010110010        1    
650          1111111111111111111111111111111111111111111111111101011010110010        1    
651          1111111111111111111111111111111111111111111111111101111010110010        1    
652          1111111111111111111111111111111111111111110111111101111010110010        4    
653          1111111111111111111111111111111111111111110111111100111010110010        4    
654          1111111111111111111111111111111111111111110111111100011010110010        4    
655          1111111111111111111111111111111111111111110111111100011010011110        4    
656          1111111111111111111111111111111111111111110111111011011010011110        4    
657          1111111111111111111111111111111111111111111111111111111010011110        0    
658          1111111111111111111111111111111111111111111111111111111010011110        0    
659          1111111111111111111111111111111111111111111111111111111010011110        4    
660          1111111111111111111111111111111111111111111111111111011010011110        4    
661          1111111111111111111111111111111111111111111111111111011010011010        1    
662          1111111111111111111111111111111111111111111111111111010110011010        1    
663          1111111111111111111111111111111111111111111111111111110110011010        1    
664          1111111111111111111111111111111111111111111111111111110110011010        1    
665          1111111111111111111111111111111111111111111111111111110110011010        1    
666          1111111111111111111111111111111111111111111111111111110110011010        1    
667          1111111111111111111111111111111111111111111111111111110110010110        1    
668          1111111111111111111111111111111111111111111111111111110010010110        1    
669          1111111111111111111111111111111111111111110111011111110010010110        1    
670          1111111111111111111111111111111111111111111111011111110010010110        1    
671          1111111111111111111111111111111111111111111111011110110010010110        1    
672          1111111111111111111111111111111111111111111110111110110010010110        1    
673          1111111111111111111111111111111111111111110110111110110010010010        4    
674          1111111111111111111111111111111111111111110110111111110010010010        4    
675          1111111111111111111111111111111111111111110110111111010010010010        4    
676          1111111111111111111111111111111111111111110110111111010011010010        4    
677          1111111111111111111111111111111111111111110110111110010011010010        4    
678          1111111111111111111111111111111111111111111111111101110011010010        0    
679          1111111111111111111111111111111111111111111111111101110110010010        4    
680          1111111111111111111111111111111111111111111111111101110100010010        4    
681          1111111111111111111111111111111111111111111111111101010100010010        4    
682          1111111111111111111111111111111111111111111111111101010101010010        3    
683          1111111111111111111111111111111111111111111111111101011111010010        3    
684          1111111111111111111111111111111111111111111111111100111111010010        3    
685          1111111111111111111111111111111111111111111111111100111111010010        3    
686          1111111111111111111111111111111111111111111111111100111101010010        3    
687          1111111111111111111111111111111111111101111110111100111101010010        0    
688          1111111111111111111111111111111111111101110110111100111101011110        0    
689          1111111111111111111111111111111111111101110110111101111101011110        3    
690          1111111111111111111111111111111111111101110110011101111101011110        4    
691          1111111111111111111111111111111111111011111110011101111101011110        4    
692          1111111111111111111111111111111111111011111110011110111101011110        4    
693          1111111111111111111111111111111111111011111110011110111101011110        4    
694          1111111111111111111111111111111111110111111110011110111110011110        4    
695          1111111111111111111111111111111111110111111110011111111110011110        4    
696          1111111111111111111111111111111111111111111111111111011110011110        0    
697          1111111111111111111111111111111111111111111111111111011111011110        4    
698          1111111111111111111111111111111111111111111111111111011111011110        4    
699          1111111111111111111111111111111111111111111111111011111111011110        4    
700          1111111111111111111111111111111111111111111111111011111010011110        4    
701          1111111111111111111111111111111111111111111111111011111000011110        4    
702          1111111111111111111111111111111111111111111111111011011000011110        4    
703          1111111111111111111111111111111111111111111111111011011001011110        4    
704          1111111111111111111111111111111111111111111111111011011111011110        3    
705          1111111111111111111111111111111111111111111111111011011111011110        3    
706          1111111111111111111111111111111111111111111111111011011110011110        3    
707          1111111111111111111111111111111111111111111111111011011110011110        3    
708          1111111111111111111111111111111111111111111111111011011110011110        3    
709          1111111111111111111111111111111111111111111111111011011111011110        3    
710          1111111111111111111111111111111111111111111111111011011011011110        3    
711          1111111111111111111111111111111111111111010110111011011011011110        0    
712          1111111111111111111111111111111111111101111110111011011011011010        3    
713          1111111111111111111111111111111111111101111110111111011011011010        3    
714          1111111111111111111111111111111111111101111110111110111011011010        3    
715          1111111111111111111111111111111111101001111110111110111011011010        2    
716          1111111111111111111111111111111111101001111110111111111011011010        2    
717          1111111111111111111111111111111111101001111110111111011011011010        2    
718          1111111111111111111111111111111111110101111110111111011011010110        2    
719          1111111111111111111111111111111111110101111110111110011011010110        2    
720          1111111111111111111111111111111111110101101110111111111011010110        0    
721          1111111111111111111111111111111111100001101110111111111011010110        0    
722          1111111111111111111111111111111111100001101110111111111111010110        2    
723          1111111111111111111111111111111111100001101110111111011111010110        2    
724          1111111111111111111111111111111111100001000110111111011111010010        2    
725          1111111111111111111111111111111111100001000110111111011111010010        2    
726          1111111111111111111111111111111111100001000110111110111111010010        2    
727          1111111111111111111111111111111111100000111110111110111110010010        2    
728          1111111111111111111111111111111111100000111110111110111100010010        2    
729          1111111111111111111111111111111111100000111111111110111100010010        2    
730          1110000110111111110111101010010         2    
731          1110000110111111110111111010010         2    
732          1110000110111111110111111010010         2    
733          1100100110111111110111110010010         2    
734          1100100110111111110111110010010         2    
735          1100100110111111110111110010010         2    
736          1111000110111111110111110010110         2    
737          1111000110111111110111110010110         2    
738          1111000110111111111011110010110         2    
739          1111101110111111111011110010110         2    
740          1111101110111111111011110010110         2    
741          1111101110111111111111110010110         2    
742          1111101101111111111111110011010         2    
743          1111101101111111111111110011010         2    
744          1111101101111111110011110011010         2    
745          1111110100111111110011110011010         2    
746          1111110100111111110011110011010         2    
747          1111110100111111110111110011010         2    
748          1111110111111111110111110011110         2    
749          1111110111111111110111110011110         2    
750          1111110111111111111011110011110         2    
751          1111111010111111111011110011110         2    
752          1111111010111111111011110011110         2    
753          1111111010111111111111110011110         2    
754          1101111001111111111111110010010         2    
755          1101111001111111111111110010010         2    
756          1101111001111111110011110010010         2    
757          1110011001111111110011110010010         2    
758          1110011001111111110011110010010         2    
759          1110011001111111110111110010010         2    
760          1111111111111111111111111111111111110111001111111110111110010110        2    
761          1111111111111111111111111111111111110111001111111110111110010110        2    
762          1111111111111111111111111111111111110111001111111111011110010110        2    
763          1111111111111111111111111111111111111011101111111111011110010110        2    
764          1111111111111111111111111111111111111011101111111111111110010110        2    
765          1111111111111111111111111111111111111011101111111111111110010110        2    
766          1111111111111111111111111111111111111100010111111111111110011010        2    
767          1111111111111111111111111111111111111100010111111111111110011010        2    
768          1111111111111111111111111111111111111100010111111110111110011010        2    
769          1111111111111111111111111111111111111100111111111110111110011010        2    
770          1111111111111111111111111111111111111100111111111110111110011010        2    
771          1111111111111111111111111111111111111100111111111110111110011010        2    
772          1111111111111111111111111111111111111100100111111110111110011110        2    
773          1111111111111111111111111111111111111100100111111110111110011110        2    
774          1111111111111111111111111111111111111100100111111111111110011110        2    
775          1111111111111111111111111111111111111100101111111111111110011110        2    
776          1111111111111111111111111111111111111100101111111111111110011110        2    
777          1111111111111111111111111111111111111100101111111111111110011110        2    
778          1111111111111111111111111111111111111100110111111111111110110010        2    
779          1111111111111111111111111111111111111100110111111111111110110010        2    
780          1111111111111111111111111111111111111100110111111110111110110010        2    
781          1111111111111111111111111111111111111101111111111110111110110010        2    
782          1111111111111111111111111111111111111101111111111110111110110010        2    
783          1111111111111111111111111111111111111101111111111110111110110010        2    
784          1111111111111111111111111111111111111101100111111110111110110110        2    
785          1111111111111111111111111111111111111101100111111110111110110110        2    
786          1111111111111111111111111111111111111101100111111111111110110110        2    
787          1111111111111111111111111111111111111111001111111111111110110110        2    
788          1111111111111111111111111111111111111111001111111111111110110110        2    
789          1111111111111111111111111111111111111111001111111111111110110110        2    
790          1111111111111111111111111111111111111111110111111111111110111010        2    
791          1111111111111111111111111111111111111111110111111111111110111010        2    
792          1111111111111111111111111111111111111111110111111110111110111010        2    
793          1111111111111111111111111111111111111111111111111110111110111010        2    
794          1111111111111111111111111111111111111111111111111110111110111010        2    
795          1111111111111111111111111111111111111111111111111110111110111010        2    
796          1111111111111111111111111111111111111111100111111110111110111110        1    
797          1111111111111111111111111111111111111111100111111110111110111110        1    
798          1111111111111111111111111111111111111111100111111111111110111110        1    
799          1111111111111111111111111111111111111111101111111111111110111110        1    
800          1111111111111111111111111111111111111111101111111111111110111110        1    
801          1111111111111111111111111111111111111111111111111111111110111110        0    
802          1111111111111111111111111111111111111111110111111111111110110010        1    
803          1111111111111111111111111111111111111111110111111111111110110010        1    
804          1111111111111111111111111111111111111111110111111101111110110010        1    
805          1111111111111111111111111111111111111111111111111101111110110010        1    
806          1111111111111111111111111111111111111111111111111100111110110010        1    
807          1111111111111111111111111111111111111111111111111100111110110010        1    
808          1111111111111111111111111111111111111111110111111100111110110110        1    
809          1111111111111111111111111111111111111111110111111111111110110110        4    
810          1111111111111111111111111111111111111111111111111111111110110110        0    
811          1111111111111111111111111111111111111111111111111111111110110110        0    
812          1111111111111111111111111111111111111111111111111111111110110110        0    
813          1111111111111111111111111111111111111111111111111111111110110110        0    
814          1111111111111111111111111111111111111111111111111111111110111010        1    
815          1111111111111111111111111111111111111111111111111111111110111010        1    
816          1111111111111111111111111111111111111111110111111111111110111010        0    
817          1111111111111111111111111111111111111111111111111111111101111010        0    
818          1111111111111111111111111111111111111111111111111110111101111010        0    
819          1111111111111111111111111111111111111111111111011110111101111010        0    
820          1111111111111111111111111111111111111111110111011110111100111010        0    
821          1111111111111111111111111111111111111111110111011111111100111010        1    
822          1111111111111111111111111111111111111111110111011111111100111010        1    
823          1111111111111111111111111111111111111111111111011111111111111010        2    
824          1111111111111111111111111111111111111111111111011110111111111010        2    
825          1111111111111111111111111111111111111011101110111110111111111010        0    
826          1111111111111111111111111111111111111011110110111110111111110110        0    
827          1111111111111111111111111111111111111011110110111110111111110110        0    
828          1111111111111111111111111111111111111011110110111101111111110110        0    
829          1111111111111111111111111111111111111010111110111101111111110110        1    
830          1111111111111111111111111111111111111010111110111101111011110111        1    
831          1111111111111111111111111111111111111111111110111101111011110111        0    
832          1111111111111111111111111111111111111111111110111111111011110111        0    
833          1111111111111111111111111111111111111111111110111111111011110111        0    
834          1111111111111111111111111111111111111111111110111111111011110111        4    
835          1111111111111111111111111111111111111111110110111111111010110111        4    
836          1111111111111111111111111111111111111111110110111101111010110111        4    
837          1111111111111111111111111111111111111111111111111101111010110111        0    
838          1111111111111111111111111111111111111111111111111101111110110111        0    
839          1111111111111111111111111111111111111111111111111101111110110111        4    
840          1111111111111111111111111111111111111111111111111101111110110111        4    
841          1111111111111111111111111111111111111111111111111101111101110111        3    
842          1111111111111111111111111111111111111111111111111101111011110111        3    
843          1111111111111111111111111111111111111111111111111101111001110111        3    
844          1111111111111111111111111111111111111111111111111101111001110111        3    
845          1111111111111111111111111111111111111111111111111101111111110111        3    
846          1111111111111111111111111111111111111011011110111101111111110111        3    
847          1111111111111111111111111111111111111011010110111101111110110111        3    
848          1111111111111111111111111111111111111011010110111110111110110111        3    
849          1111111111111111111111111111111111111011010110111111111110110111        3    
850          1111111111111111111111111111111111111011010110111011111110110111        3    
851          1111111111111111111111111111111111111011111110111011111110110111        3    
852          1111111111111111111111111111111111111011111110111011111110110111        3    
853          1111111111111111111111111111111111111011111011111111111110110111        3    
854          1111111111111111111111111111111111111011111011111110111110110111        3    
855          1111111111111111111111111111111111111011111011111110111110110111        2    
856          1111111111111111111111111111111111111011111011111111111110110111        2    
857          1111111111111111111111111111111111111011100011111111111110111011        0    
858          1111111111111111111111111111111111111011100011111111111000111011        0    
859          1111111111111111111111111111111111111011100011111111111000111011        0    
860          1111111111111111111111111111111111111011100011111111111010111011        2    
861          1111111111111111111111111111111111111011100011111011111010111011        2    
862          1111111111111111111111111111111111111111100011111011110111111011        3    
863          1111111111111111111111111111111111111111100011111011110111111011        3    
864          1111111111111111111111111111111111111111100011111011110111111011        3    
865          1111111111111111111111111111111111111111100011111011110111111011        3    
866          1111111111111111111111111111111111111111100011111011111111111011        3    
867          1111111111111111111111111111111110111110110011011011111111111011        3    
868          1111111111111111111111111111111110111110010011011100111110111011        4    
869          1111111111111111111111111111111110111110011011011100111110111011        4    
870          1111111111111111111111111111111110111110011011011101111110111011        4    
871          1111111111111111111111111111111110111010011011011111111110111011        4    
872          1111111111111111111111111111111110111010011011011111111110111011        4    
873          1111111111111111111111111111111111111111111111111111111110111011        0    
874          1111111111111111111111111111111111111111111111111111111101111011        4    
875          1111111111111111111111111111111111111111111111111111110111111011        4    
876          1111111111111111111111111111111111111111111111111110110111111011        4    
877          1111111111111111111111111111111111111111111111111110110101111011        4    
878          1111111111111111111111111111111111111111111111111110110101111011        4    
879          1111111111111111111111111111111111111111111111111110110111111011        4    
880          1111111111111111111111111111111111111111111111111110110111111011        4    
881          1111111111111111111111111111111111111111111111111110110111110111        4    
882          1111111111111111111111111111111111111111111111111110110101110111        4    
883          1111111111111111111111111111111111111111111111111110110101110111        4    
884          1111111111111111111111111111111111111111111111111110111111110111        4    
885          1111111111111111111111111111111111111111111111111110111111110111        4    
886          1111111111111111111111111111111111111111111111111110111101110111        4    
887          1111111111111111111111111111111111111111111111111111111101110111        4    
888          1111111111111111111111111111111111111111111111111111111101110111        4    
889          1111111111111111111111111111111111111111111111111111111111110111        4    
890          1111111111111111111111111111111111111111111111111111111111110111        4    
891          1111111111111111111111111111111111111111111111111111111101110111        4    
892          1111111111111111111111111111111111111111111111111110111101110111        4    
893          1111111111111111111111111111111111111111111111111110110111110111        4    
894          1111111111111111111111111111111111111111111111111110110111110011        4    
895          1111111111111111111111111111111111111111111111111110110101110011        4    
896          1111111111111111111111111111111111111111111111111110110101110011        4    
897          1111111111111111111111111111111111111111111111111110110111110011        1    
898          1111111111111111111111111111111111111111111111111110110111110011        1    
899          1111111111111111111111111111111111111111111111111110110101110011        1    
900          1111111111111111111111111111111111111111111011011110110101110011        0    
901          1111111111111111111111111111111111111111111011011101110101110011        0    
902          1111111111111111111111111111111111111111111011011111110101110011        1    
903          1111111111111111111111111111111111111111111011011111110101110011        1    
904          1111111111111111111111111111111111111111111011011111110101110011        1    
905          1111111111111111111111111111111111111111111011011111110101111111        2    
906          1111111100011111111110101111111         0    
907          1111111100011111111110111111111         0    
908          1111101111011111111110111111111         0    
909          1111101111011111111110101111111         0    
910          1111101110011111111110101111111         2    
911          1111111110011111111110110111111         2    
912          1111111101011111111110110111111         2    
913          1111111101011111111111100111111         1    
914          1111111111111111111111111111111111111111110011111111111100111111        0    
915          1111111111111111111111111111111111111111110011111110111100111111        0    
916          1111111111111111111111111111111111111111110011111111111100111111        0    
917          1111111111111111111111111111111111111111110011111111111011111111        2    
918          1111111111111111111111111111111111111111110011111111111011111111        2    
919          1111111111111111111111111111111111111111110011111111111011111111        2    
920          1111111111111111111111111111111111111111110011111111111011111111        2    
921          1111111101011111000111011111111         0    
922          1111111101011111000111011111111         0    
923          1111111110011111000111011111111         0    
924          111111110011111000111010111111          0    
925          111111110011111000111110111111          4    
926          1111111111111111111111111111111111111111111111111000111110111111        0    
927          1111111111111111111111111111111111111111111111111000111010111111        0    
928          1111111111111111111111111111111111111111111111111000111010111111        0    
929          1111111111111111111111111111111111111111111111111000111010111111        0    
930          1111111111111111111111111111111111111111111111111000111010111111        0    
931          1111111111111111111111111111111111111111111111111000111001111111        0    
932          1111111111111111111111111111111111111111111111111000110111111111        0    
933          1111111111111111111111111111111111111111111111111111110111111111        0    
934          1111111111111111111111111111111111111111111111111111110101111111        0    
935          1111111111111111111111111111111111111111111111111111110101111111        0    
936          1111111111111111111111111111111111111111111111111111110011111111        0    
937          1111111111111111111111111111111111111111111111111111110010111111        1    
938          1111111111111111111111111111111111111111111111111111110000111111        1    
939          1111111111111111111111111111111111111111111010111111110000111111        0    
940          1111111111111111111111111111111111111111111010110111110000111111        0    
941          1111111111111111111111111111111111111111110010111111110000111111        0    
942          1111111111111111111111111111111111111111110010111110110000111111        2    
943          1111111111111111111111111111111111111111111010111110101111111111        2    
944          1111111111111111111111111111111111111111111010111101101111111111        2    
945          111111100010111101101111111111          0    
946          111111100010111101101111111111          0    
947          111011100010111101101111111111          0    
948          111011100010111101101111111111          0    
949          1111111111111111111111111111111111111111100010111101101110111111        0    
950          1111111111111111111111111111111111111111100010111101101110111110        0    
951          1111111111111111111111111111111111111111100010111101101110111110        0    
952          1111111111111111111111111111111111111111101010111101101110111110        0    
953          1111111111111111111111111111111111111111101010111101101110110010        0    
954          1111111111111111111111111111111111111111101010111101101110110010        0    
955          1111111111111111111111111111111111111111110010111101101110110010        0    
956          1111111111111111111111111111111111111111110010111101101110110010        0    
957          1111111111111111111111111111111111111111110010111101101110110010        0    
958          1111111111111111111111111111111111111111111010111111101110110010        0    
959          1111111111111111111111111111111111111111111010111111101110110110        0    
960          1111111111111111111111111111111111111111111010111111101110110110        0    
961          1111111111111111111111111111111111111111000001111111101110110110        0    
962          1111111111111111111111111111111111111111100001111111101110110110        0    
963          1111111111111111111111111111111111111111100001111111101110110110        0    
964          1111111111111111111111111111111111111111101001111111101110110110        0    
965          1111111111111111111111111111111111111111101001111111101110111010        0    
966          1111111111111111111111111111111111111111101001111111111110111010        0    
967          1111111111111111111111111111111111111011101001111111111110111010        4    
968          111011101001111111111110111010          4    
969          111011101001111111111110111010          4    
970          1111111111111111111111111111111111111111111111111111111110111010        0    
971          1111111111111111111111111111111111111111111111111111111110010010        0    
972          1111111111111111111111111111111111111111111111111111111110010010        3    
973          1111111111111111111111111111111111111111111111111111111110010010        3    
974          1111111111111111111111111111111111111111111111111111111110010010        3    
975          1111111111111111111111111111111111111111111111111111101110010010        3    
976          111111111001011111101110010010          0    
977          111111111001011111101110010110          0    
978          111111111001011111101110010110          3    
979          111011110001011111101110010110          3    
980          1111011110001011111101110010110         3    
981          1111011110001011111101110010110         3    
982          1101111110000111111101110010110         3    
983          1111111110000111111101110011010         3    
984          1111111110000111011101110011010         3    
985          1111111111000111011101110011010         3    
986          1101111111000111011101110011010         3    
987          1101111111000111011101110011010         3    
988          1101111110000011011101110011010         2    
989          1111111110000011011101110011110         2    
990          1111111110000011011101110011110         2    
991          1111111111000011011101110011110         2    
992          1111111111111111111111111111111110101111111000011011101111011110        2    
993          1111111111111111111111111111111110101111111000011011101111011110        2    
994          1111111111111111111111111111111110101111110000111011101111011110        0    
995          1111111111111111111111111111111110111111110000111011111110011110        2    
996          1111111111111111111111111111111110111111110000111011110000011110        2    
997          1111111111111111111111111111111110111111111000111011110000011110        2    
998          1111111111111111111111111111111110101111111000111011110001011110        2    
999          1111111111111111111111111111111110101111111000111011110011011110        2    
1000         1111111111111111111111111111111110101111100000111011110011011110        2    
1001         1111111111111111111111111111111110111111100000111011110010011110        2    
1002         1111111111111111111111111111111110111111100000111011110110011110        3    
1003         1111111111111111111111111111111110111011100000111011110110011110        3    
1004         1111111111111111111111111111111110111110100000111011110111011110        3    
1005         1111111111111111111111111111111110111110100000111011110111011110        3    
1006         1111111111111111111111111111111110111110100000111011110111011110        3    
1007         1111111111111111111111111111111110111110100000111011110110011110        3    
1008         1111111111111111111111111111111110111110100000111011111100011110        3    
1009         1111111111111111111111111111111110111110110000011011111100011110        3    
1010         1111111111111111111111111111111110111111110000011011111101011110        3    
1011         1111111111111111111111111111111110111111110000011100111101011110        3    
1012         1111111111111111111111111111111110111111111000111100111101011110        3    
1013         1111111111111111111111111111111110111111111000111100111101011110        3    
1014         1111111111111111111111111111111110111111111000111101111101011110        4    
1015         1111111111111111111111111111111110111111110000111101111101011110        4    
1016         1111111111111111111111111111111110111110110000111101111101010010        4    
1017         1111111111111111111111111111111110111110110000111110111101010010        4    
1018         1111111111111111111111111111111111111111111111111110111101010010        0    
1019         1111111111111111111111111111111111111111111111111110111101010010        0    
1020         1111111111111111111111111111111111111111111111111110110111010010        0    
1021         1111111111111111111111111111111111111111111111111110110111010010        4    
1022         1111111111111111111111111111111111111111111111111110110111010110        4    
1023         1111111111111111111111111111111111111111111111111110110101010110        4    
1024         1111111111111111111111111111111111111111111111111110110101010110        4    
1025         1111111111111111111111111111111111111111111111111110110101010110        4    
1026         1111111111111111111111111111111111111111111111111110110111010110        4    
1027         1111111111111111111111111111111111111111111111111111110111010110        4    
1028         1111111111111111111111111111111111111111111111111111110111011010        4    
1029         1111111111111111111111111111111111111111111111111111110101011010        4    
1030         1111111111111111111111111111111111111111111111111111110101011010        4    
1031         1111111111111111111111111111111111111111111111111111110101011010        4    
1032         1111111111111111111111111111111111111111111111111111111111011010        4    
1033         1111111111111111111111111111111111111111111111111110111111011010        4    
1034         1111111111111111111111111111111111111111111111111110111110011010        4    
1035         1111111111111111111111111111111111111111111111111110111110011010        4    
1036         1111111111111111111111111111111111111111111111111110111110011010        4    
1037         1111111111111111111111111111111111111111111111111110111111011010        4    
1038         1111111111111111111111111111111111111111111111111110111111011010        4    
1039         1111111111111111111111111111111111111111111111111110111111011010        4    
1040         1111111111111111111111111111111111111111111111111110111010011010        4    
1041         1111111111111111111111111111111111111111111111111110111000011010        4    
1042         1111111111111111111111111111111111111111111111111110111000011010        4    
1043         1111111111111111111111111111111111111111111111111110111000011110        4    
1044         1111111111111111111111111111111111111111111111111110111110011110        4    
1045         1111111111111111111111111111111111111111111111111111111110011110        4    
1046         1111111111111111111111111111111111111111111111111111111110011110        4    
1047         1111111111111111111111111111111111111111111111111111111100011110        4    
1048         1111111111111111111111111111111111111111111111111111111100011110        4    
1049         1111111111111111111111111111111111111111111111111111111100110010        4    
1050         1111111111111111111111111111111111111111111111111111111010110010        4    
1051         1111111111111111111111111111111111111111111111111110111010110010        4    
1052         1111111111111111111111111111111111111111111111111110111010110010        4    
1053         1111111111111111111111111111111111111111111111111110111000110010        4    
1054         1111111111111111111111111111111111111111111111111110111000110010        4    
1055         1111111111111111111111111111111111111111111111111110111000110110        4    
1056         1111111111111111111111111111111111111111111111111110011110110110        4    
1057         1111111111111111111111111111111111111111111111111110011110110110        4    
1058         1111111111111111111111111111111111111111111111111110011110110110        4    
1059         1111111111111111111111111111111111111111111111111110011100110110        4    
1060         1111111111111111111111111111111111111111111111111110011100110110        4    
1061         1111111111111111111111111111111111111111111111111110011100111010        4    
1062         1111111111111111111111111111111111111111111111111110011010111010        4    
1063         1111111111111111111111111111111111111111111111111110011010111010        4    
1064         1111111111111111111111111111111111111111111111111110011010111010        4    
1065         1111111111111111111111111111111111111111111111111110011000111010        4    
1066         1111111111111111111111111111111111111111111111111111111000111010        4    
1067         1111111111111111111111111111111111111111111111111111111000111110        4    
1068         1111111111111111111111111111111111111111111111111111111110111110        4    
1069         1111111111111111111111111111111111111111111111111111011110111110        4    
1070         1111111111111111111111111111111111111111111111111111011110111110        4    
1071         1111111111111111111111111111111111111111111111111111011100111110        4    
1072         1111111111111111111111111111111111111111111111111110111100111110        4    
1073         1111111111111111111111111111111111111111111111111110111101111110        4    
1074         1111111111111111111111111111111111111111111111111110111011111110        4    
1075         1111111111111111111111111111111111111111111111111110011011111110        4    
1076         1111111111111111111111111111111111111111111111111110011010111110        4    
1077         1111111111111111111111111111111111111111111111111110011010111110        4    
1078         1111111111111111111111111111111111111111111111111111111010111110        4    
1079         1111111111111111111111111111111111111111111111111111111011111110        4    
1080         1111111111111111111111111111111111111111111111111111111111111110        4    
1081         1111111111111111111111111111111111111111111111111111011111111110        4    
1082         1111111111111111111111111111111111111111111111111111011111110010        4    
1083         1111111111111111111111111111111111111111111111111111011111110010        4    
1084         1111111111111111111111111111111111111111111111111110111111110010        4    
1085         1111111111111111111111111111111111111111111111111110111111110010        4    
1086         1111111111111111111111111111111111111111111111111110111011110010        4    
1087         1111111111111111111111111111111111111111111111111110111011110010        4    
1088         1111111111111111111111111111111111111111111111111110111011110110        4    
1089         1111111111111111111111111111111111111111111111111110111011110110        4    
1090         1111111111111111111111111111111111111111111111111110111011110110        4    
1091         1111111111111111111111111111111111111111111111111110111010110110        4    
1092         1111111111111111111111111111111111111111111111111110111110110110        4    
1093         1111111111111111111111111111111111111111111111111110111110110110        4    
1094         1111111111111111111111111111111111111111111111111110111111110110        4    
1095         1111111111111111111111111111111111111111111111111110111101110110        1    
1096         1111111111111111111111111111111111111111111111111110011101110110        1    
1097         1111111111111111111111111111111111111111111111111110011100110110        1    
1098         1111111111111111111111111111111111111111111111111110011010110110        1    
1099         1111111111111111111111111111111111111111111011111111111010110110        0    
1100         1111111111111111111111111111111111111111111011111111111010110110        0    
1101         1111111111111111111111111111111111111111111011111111111010110110        1    
1102         1111111111111111111111111111111111111111110011111111011010110110        1    
1103         1111111111111111111111111111111111111111110011111111011010111010        2    
1104         1111111111111111111111111111111111111111110011111111011010111010        2    
1105         1111111111111111111111111111111111111111111011111111011010111010        2    
1106         1111111111111111111111111111111111111111111011111111010111111010        2    
1107         1111111111111111111111111111111111111111111011111011010111111010        2    
1108         1111111111111111111111111111111111111010111100111011010111111010        0    
1109         1111111111111111111111111111111111011010111100111011010110111010        0    
1110         1111111111111111111111111111111111011010111100111011010110111010        2    
1111         1111111111111111111111111111111111011110111100111011010110111010        2    
1112         1111111111111111111111111111111111011110111100111011010101111010        2    
1113         1111111111111111111111111111111111011110111100111011010111111010        2    
1114         1111111111111111111111111111111111100010111100111011010111111010        2    
1115         1111111111111111111111111111111111110010111100111011010111110110        2    
1116         1111111111111111111111111111111111110010111100111011011101110110        2    
1117         1111111111111111111111111111111111110010110100111011011101110110        2    
1118         1111111111111111111111111111111111110011110100111011011101110110        2    
1119         1111111111111111111111111111111111110011110100111011011111110110        2    
1120         1111111111111111111111111111111111110011101101111011011111110110        2    
1121         1111111111111111111111111111111111110011101101111011011111110010        2    
1122         1111111111111111111111111111111111110011101101111011011101110010        2    
1123         1111111111111111111111111111111111110011100101111011011101110010        2    
1124         1111111111111111111111111111111111110010100101111011011101110010        2    
1125         1111111111111111111111111111111111111111110101011011011101110010        0    
1126         1111111111111111111111111111111111111111110101111011011101110010        0    
1127         1111111111111111111111111111111111111111110101111011011101111110        0    
1128         1111111111111111111111111111111111111111110101111011011101111110        2    
1129         1111111111111111111111111111111111111111110101111011011101111110        2    
1130         1111111111111111111111111111111111111111110101111011011101111110        2    
1131         1111111111111111111111111111111111111111110101111011011101111110        2    
