time         game_state
1            1111111111111111111111111111111111111111111111111110011111011110        0    
2            1111111111111111111111111111111111111111111111111110111111011110        0    
3            1111111111111111111111111111111111111111111111111110111111011110        0    
4            1111111111111111111111111111111111111111111111111111011111110010        0    
5            1111111111111111111111111111111111111111111111111111011111110010        0    
6            1111111111111111111111111111111111111111111111111111111111110010        0    
7            1111111111111111111111111111111111111111111111111000011110110010        0    
8            1111111111111111111111111111111111111111111111111000011110110010        0    
9            1111111111111111111111111111111111111111111111111000111111110010        0    
10           1111111111111111111111111111111111111111111111111000111101110010        0    
11           1111111111111111111111111111111111111111111111111000111101110010        0    
12           1111111111111111111111111111111111111111111111111000111111110010        0    
13           1111111111111111111111111111111111111111111111111000111111011110        0    
14           1111111111111111111111111111111111111111111111111000111101011110        0    
15           1111111111111111111111111111111111111111111111111000011100011110        0    
16           1111111111111111111111111111111111111111111111111000001110011110        0    
17           1111111111111111111111111111111111111111111111111111101111011110        1    
18           1111111111111111111111111111111111111111111111111111101111011110        1    
19           1111111111111111111111111111111111111111110011011111101111011110        0    
20           1111111111111111111111111111111111111111110011010111001111011010        0    
21           1111111111111111111111111111111111111111110011010111001111011010        1    
22           1111111111111111111111111111111111111111111011010110101111011010        1    
23           1111111111111111111111111111111111111111111011010111101111011010        4    
24           1111111111111111111111111111111111111111111111110111001111010110        0    
25           1111111111111111111111111111111111111111111111110111001011010110        0    
26           1111111111111111111111111111111111111111111111110111001011010110        0    
27           1111111111111111111111111111111111111111111111110111001011010110        0    
28           1111111111111111111111111111111111111111111111110111001011010010        4    
29           1111111111111111111111111111111111111111111111110111001111010010        4    
30           1111111111111111111111111111111111111111111111110111101110010010        4    
31           1111111111111111111111111111111111111111111111110111101100010010        4    
32           1111111111111111111111111111111111111111111111110111001101010010        4    
33           1111111111111111111111111111111111111111111111110111001111010010        4    
34           1111111111111111111111111111111111111111111111110111101110010010        4    
35           1111111111111111111111111111111111111111111111111101001111010010        4    
36           1111111111111111111111111111111111111111111111111101110010010010        4    
37           1111111111111111111111111111111111111111111111111101110011010010        4    
38           1111111111111111111111111111111111111111111111111101110010010010        4    
39           1110111110011011101010011010010         0    
40           1110111110011011110010011010010         0    
41           1111011110011010111110110010010         0    
42           1111101110011010111010111010010         0    
43           1111101110011011111010111010011         0    
44           1111101111010111111010111010011         1    
45           1111111111111111111111111111111111111111111010111111010111010011        0    
46           1111111111111111111111111111111111111111111010110111010111010011        0    
47           1111111111111111111111111111111111111111111010110111010111010011        0    
48           1111111111111111111111111111111111111111111010110111010111010011        0    
49           1111111111111111111111111111111111111111111010110111010111010011        2    
50           1111111111111111111111111111111111111111110010110111110111011111        2    
51           1111111111111111111111111111111111111111110010110111110111011111        0    
52           1111111111111111111111111111111111111111110010110111110111011111        0    
53           1111111111111111111111111111111111111111110010110111110101011111        0    
54           1111111111111111111111111111111111111111110010110111110101011111        0    
55           1111111111111111111111111111111111111111110010110111110111011111        2    
56           1111111111111111111111111111111111111111110010110111110111011111        2    
57           1111111111111111111111111111111111111111111010111101011101011111        2    
58           1111111111111111111111111111111111111111111010111101001111011111        2    
59           1111111111111111111111111111111111111111111010111101001111011111        3    
60           1111111111111111111111111111111111111111111010111101001111011111        3    
61           1111111111111111111111111111111111111111111010111101001111011111        3    
62           1111111111111111111111111111111111111111111010111101001111011111        0    
63           1111111111111111111111111111111111111110110010111101101111110011        1    
64           1111111111111111111111111111111111111110110010111110101111110011        1    
65           1111111111111111111111111111111111111111110010111110101111110011        0    
66           1111111111111111111111111111111111111111110010111110101111110011        0    
67           1111111111111111111111111111111111111111110010111101101111110011        0    
68           1111111111111111111111111111111111111111110010111101101110110011        0    
69           1111111111111111111111111111111111111111110010111100101110110011        1    
70           1111111111111111111111111111111111111111111010111101001110110011        1    
71           1111111111111111111111111111111111111111111010111101001101110011        1    
72           1111111111111111111111111111111111111111111010111011001101110011        1    
73           1111111111111111111111111111111111111111111010111011001101110011        1    
74           1111111111111111111111111111111111111111111010111011001101110011        1    
75           1111111111111111111111111111111111111111111010111011001101011111        1    
76           1111111111111111111111111111111111111111111010111001001101011111        1    
77           1111111111111111111111111111111111111111111010111001101101011111        1    
78           1111111111111111111111111111111111111111111010111001101101011111        1    
79           1111111111111111111111111111111111111111111010111001101101011111        1    
80           1111111111111111111111111111111111111111111010111001101101011111        1    
81           1111111111111111111111111111111111111111111010111001101101011011        1    
82           1111111111111111111111111111111111111111111010111111101101011011        1    
83           1111111111111111111111111111111111111111111010111111101101011011        1    
84           1111111111111111111111111111111111111111111010111111101101011011        1    
85           1111111111111111111111111111111111111111111010111110001101011011        1    
86           1111111111111111111111111111111111111111111010111110001110011011        1    
87           1111111111111111111111111111111111111111111010111111001110011011        1    
88           1111111111111111111111111111111111111111111010111111001111011011        1    
89           1111111111111111111111111111111111111111111010111110001111011011        1    
90           1111111111111111111111111111111111111111111010111110001111011011        1    
91           1111111111111111111111111111111111111111111010111011001111011011        1    
92           1111111111111111111111111111111111111111111011001011001111011011        1    
93           1111111111111111111111111111111111111111110011001011001111011011        1    
94           1111111111111111111111111111111111111111110011001010001111011111        1    
95           1111111111111111111111111111111111111111110011001011001111011111        4    
96           1111111111111111111111111111111111111111110011011010001111110011        4    
97           1111111111111111111111111111111111111111111111111010001111110011        0    
98           1111111111111111111111111111111111111111111111111010001111110011        0    
99           1111111111111111111111111111111111111111111111111010001111110011        0    
100          1111111111111111111111111111111111111111111111111010001110110011        4    
101          1111111111111111111111111111111111111111111111101010001110110011        4    
102          1111111111111111111111111111111111111111111111101010001111110011        4    
103          1111111111111111111111111111111111111111111111101010001111110011        4    
104          1111111111111111111111111111111111111111111111101010001101110011        4    
105          1111111111111111111111111111111111111111111111101010001111011111        1    
106          1111111111111111111111111111111111111111110011101010001111011111        0    
107          1111111111111111111111111111111111111111110011101010101111011111        0    
108          1111111111111111111111111111111111111111110011101111101110011111        0    
109          1111111111111111111111111111111111111111110011101111101110011111        0    
110          1111111111111111111111111111111111111111110011101110101011011111        1    
111          1111111111111111111111111111111111111111110011101111101011011011        2    
112          1111111111111111111111111111111111111111110011101111101011011011        0    
113          1111111111111111111111111111111111111111110011101111001011011011        0    
114          1111111111111111111111111111111111101111110011101111001111011011        0    
115          1111111111111111111111111111111111101111111011101111001111011011        0    
116          1111111111111111111111111111111111101111111011101111001111010111        2    
117          1111111111111111111111111111111110111111111011101111001111010111        2    
118          1111111111111111111111111111111110111111111011101111001011010111        2    
119          1111111111111111111111111111111110101111111011101111001011010111        2    
120          1111111111111111111111111111111110101111111011101111101011010111        2    
121          1111111111111111111111111111111110101111111011101111101011010011        2    
122          1111111111111111111111111111111110111111111011101111101011010011        1    
123          1111111111111111111111111111111110111111000011101111101011010011        2    
124          1111111111111111111111111111111110111111000011101111101100010011        2    
125          1111111111111111111111111111111110101111000011101111101100010011        2    
126          1111111111111111111111111111111110101111000011101111101111010011        2    
127          1111111000011101101001111010011         2    
128          1111111000011101101011110010011         2    
129          1101111000011101101011110010011         2    
130          1101111001011101101011110010011         2    
131          1101111001011101101011110010011         2    
132          1111111001011101101011110010011         2    
133          1111111101011101101011110011111         2    
134          1111111101011101101111110011111         2    
135          1111111101011101101111110011111         2    
136          1111110001011101101111110011111         2    
137          1111110001011101101111111011111         2    
138          1111110110011101101111101011111         2    
139          1111110110011101101111100011111         2    
140          1111111010011101101111110011111         2    
141          1111111010011101101111011011111         2    
142          1111111110011101101111111011111         2    
143          1111111110011101101011111011111         2    
144          1111111110011101101011110011111         2    
145          1111110011011101101011110011111         2    
146          1111110011011101101011111011111         2    
147          1111110111011101101101001011111         2    
148          1111110111011101101101000011111         2    
149          1111111011011101101101010011111         2    
150          1111111100011101101100111011111         2    
151          1111111100011101101100111011111         2    
152          1111111100011101101100110011111         2    
153          1111110100011101101100110011111         2    
154          1111110100011101101100111011111         2    
155          1111110100011101111100111011111         2    
156          1111110100011101111101101011111         2    
157          1111010100011101111101101011111         2    
158          1111011100011101111101101011111         2    
159          1111011100011101111101111011111         2    
160          1111011100011101111101111010011         2    
161          1111011100011101111101111010011         2    
162          1111011100011101111101101010011         2    
163          1111011100011101111101101010011         2    
164          1111010100011101111101101010011         2    
165          1111010100011101111101111010011         2    
166          1111110100011101111101111010011         2    
167          1111110100011101111101111010111         2    
168          1111110100011101111101111010111         2    
169          1111110100011101111110101010111         2    
170          1111110100011101111110101010111         2    
171          1111111100011101111110101010111         2    
172          1111111100011101111110111010111         2    
173          1111111100011100101110111010111         2    
174          1111111100011100101110111011011         2    
175          1111011100011100101110101011011         2    
176          1111011100011100101110101011011         2    
177          1111011100011100101110111011011         2    
178          111011100011100101110111011111          1    
179          111011100011100101111101011111          1    
180          1111111111111111111111111111111111111111110011100101111101011111        0    
181          1111111111111111111111111111111111111111110011100101111101011111        0    
182          1111111111111111111111111111111111111111110011100100111101011110        0    
183          1111111111111111111111111111111111111111110011100101111101011110        0    
184          1111111111111111111111111111111111111111110011100101111101110010        1    
185          1111111111111111111111111111111111111111110011100011111101110011        1    
186          1111111111111111111111111111111111111111110011100011111101110011        1    
187          1111111111111111111111111111111111111111110011100011111101110011        1    
188          1111111111111111111111111111111111111111110011100011111101110011        1    
189          1111111111111111111111111111111111111111110011100001111101110011        4    
190          1111111111111111111111111111111111111111111111100001111101110011        0    
191          1111111111111111111111111111111111111111111111100001110111110011        0    
192          1111111111111111111111111111111111111111111111100001110110110011        0    
193          1111111111111111111111111111111111111111111111100001110100110011        0    
194          1111111111111111111111111111111111111111111111100001110100110011        4    
195          1111111111111111111111111111111111111111111111100001110100110011        4    
196          1111111111111111111111111111111111111111111111100001110110110011        4    
197          1111111111111111111111111111111111111111111111100011110110110011        4    
198          1111111111111111111111111111111111111111111111100011110110110011        4    
199          1111111111111111111111111111111111111111111111100011110100110011        3    
200          1111111111111111111111111111111111111111111111100011110011110011        3    
201          1111111111111111111111111111111111111111111111100011101111110011        3    
202          1111111111111111111111111111111111011111110011100011101111110011        0    
203          1111111111111111111111111111111111011110110011100011101111110011        0    
204          1111111111111111111111111111111111011110110011100011101111110011        0    
205          1111111111111111111111111111111111011110110011100010101111110011        3    
206          1111111111111111111111111111111111011110110011100010101111110011        3    
207          1111111111111111111111111111111111011110110011100011101111110011        3    
208          1111111111111111111111111111111111011110110011100011101110110011        3    
209          1111111111111111111111111111111111101110110011100011101110110011        3    
210          1111111111111111111111111111111111101110110011100110101110110011        3    
211          1111111111111111111111111111111111111110110011100111101110110011        3    
212          1111111111111111111111111111111111111110110011100111101110110011        3    
213          1111111111111111111111111111111111111110110011100111101110110011        3    
214          1111111111111111111111111111111111111110110011100111101110110011        3    
215          1111111111111111111111111111111111111110110011100111101111110011        3    
216          1111111111111111111111111111111111110111110011100111101111110011        3    
217          1111111111111111111111111111111111110111110011100111101111110011        3    
218          1111111111111111111111111111111111110111110011110111101111110011        3    
219          1111111111111111111111111111111111110111110011110111101111110011        3    
220          1111111111111111111111111111111111110111110011111011101111110011        3    
221          1111111111111111111111111111111111111010110011111011101111110011        3    
222          1111111111111111111111111111111111111010110011111011101111110011        3    
223          1111111111111111111111111111111111111110110011111011101111110011        3    
224          1111111111111111111111111111111111111110110011111011101111110011        3    
225          1111111111111111111111111111111111111110110100001011101111110011        3    
226          1111111111111111111111111111111111111110110100001011101111110011        3    
227          1111111111111111111111111111111111011110110100001111101111110011        3    
228          1111111111111111111111111111111111011110110100001111101111110111        3    
229          1111111111111111111111111111111111011110110100001111101111110111        3    
230          1111111111111111111111111111111111011110011100001111101111110111        3    
231          1111111111111111111111111111111111010111111100011111101111110111        3    
232          1111111111111111111111111111111111010111011100011111101111110111        3    
233          1111111111111111111111111111111111010111011100011111101111110111        3    
234          1111111111111111111111111111111111110111011100010011101111110111        3    
235          1111111111111111111111111111111111110111010100010011101111110111        3    
236          1111111111111111111111111111111111110111010100110011101111110111        3    
237          1111111111111111111111111111111111110111110100110011101111110111        3    
238          1111111111111111111111111111111111111110010100110011101111110111        3    
239          1111111111111111111111111111111111111110010100110011101111111011        3    
240          1111111111111111111111111111111111111110111100110011101111111011        3    
241          1111111111111111111111111111111111111110111100110011101111111011        3    
242          1111111111111111111111111111111111111111011100110111101111111011        3    
243          1111111111111111111111111111111111111111111100110111101111111011        3    
244          1111111111111111111111111111111111111111110100110111101111111011        3    
245          1111111111111111111111111111111111111110010100110111101111111011        3    
246          1111111111111111111111111111111111111110010101010111101111111011        3    
247          1111111111111111111111111111111111011110010101010111101111111011        3    
248          1111111111111111111111111111111111011110010101011011101111111111        3    
249          1111111111111111111111111111111111011010010101011011101111111111        3    
250          1111111111111111111111111111111111111010010101011011101111111111        3    
251          1111111111111111111111111111111111111010010101011011101111111111        3    
252          1111111111111111111111111111111111111010110101011011101111111111        2    
253          1111111111111111111111111111111111111010110101011011101111111111        2    
254          1111111111111111111111111111111111111011010101011011101111111111        2    
255          1111111111111111111111111111111111111011000101111011101111111111        0    
256          1111111111111111111111111111111111111111000101111011101111111111        0    
257          1111111111111111111111111111111111111111100101111011110001111111        2    
258          1111111111111111111111111111111111111111100101111011110001111111        2    
259          1111111111111111111111111111111111111111100101111011110011111111        2    
260          1111111111111111111111111111111111111111100101111011110011110011        2    
261          1011111100101111011110101110011         2    
262          1101011100101111011110101110011         2    
263          1111011100101111011110111110011         3    
264          1111011100101111011110111110011         3    
265          1101011100101111011111001110011         3    
266          1101011110101111011111001110011         0    
267          1101011110101111011111001110011         0    
268          1111011110101111111111001110011         0    
269          1111011111101111111111001110011         3    
270          1101011111110011111111001110011         3    
271          1111011111110011111111001110011         4    
272          1111111111111111111111111111111111111111111111111111111001110011        0    
273          1111111111111111111111111111111111111111111111111111111001110111        0    
274          1111111111111111111111111111111111111111111111111111110111110111        0    
275          1111111111111111111111111111111111111111111111111111110111110111        0    
276          1111111111111111111111111111111111111111111111111111110101110111        4    
277          1111111111111111111111111111111111111111111111111111110011110111        4    
278          1111111111111111111111111111111111111111111111111111110011110111        4    
279          1111111111111111111111111111111111111111111111111111110001110111        4    
280          1111111111111111111111111111111111111111111111111110110001110111        4    
281          1111111111111111111111111111111111111111111111111110101111110111        4    
282          1111111111111111111111111111111111111111111111111110101111110111        4    
283          1111111111111111111111111111111111111111111111111110101101111011        4    
284          1111111111111111111111111111111111111111111111111110101101111011        4    
285          1111111111111111111111111111111111111111111111111110101011111011        4    
286          1111111111111111111111111111111111111111111111111110101011111011        4    
287          1111111111111111111111111111111111111111111111111110101011111011        4    
288          1111111111111111111111111111111111111111111111111110101001111011        4    
289          1111111111111111111111111111111111111111111111111110101010111011        4    
290          1111111111111111111111111111111111111111111111111110100110111011        4    
291          1111111111111111111111111111111111111111111111111110100110111011        4    
292          1111111111111111111111111111111111111111111111111110100110111011        4    
293          1111111111111111111111111111111111111111111111111110100110111011        4    
294          1111111111111111111111111111111111111111111111111110100110111011        4    
295          1111111111111111111111111111111111111111111111111110100110111011        4    
296          1111111111111111111111111111111111111111111111111110100010111011        1    
297          1111111111111111111111111111111111111111111111111110100011111011        1    
298          1111111111111111111111111111111111111111111111111110100011111011        1    
299          1111111111111111111111111111111111111111110110011110100011111011        0    
300          1111111111111111111111111111111111111111110110011110100011111011        0    
301          1111111111111111111111111111111111111111110110111101100011111011        0    
302          1111111111111111111111111111111111111111110110111101100011111011        1    
303          1111111111111111111111111111111111111111110110111100100011111011        1    
304          1111111111111111111111111111111111111111110110111100100100111011        1    
305          1111111111111111111111111111111111111111110110111100100100111011        2    
306          1111111111111111111111111111111111111111110110111111100100111011        2    
307          1111111111111111111111111111111111111101001110111111100100111011        0    
308          1111111111111111111111111111111111111011101110111111100100111011        0    
309          1111111111111111111111111111111111111011101110111111100110111011        0    
310          1111111111111111111111111111111111101011101110111111100110111011        0    
311          1111111111111111111111111111111111101011101110111111100100111011        2    
312          1111111111111111111111111111111111101011101110111111100101111011        2    
313          1111111111111111111111111111111111111011101110111111100101111011        1    
314          1111111111111111111111111111111111111011100110111111100111111010        1    
315          1111111111111111111111111111111111111011100110111111100111111010        1    
316          1111111111111111111111111111111111101011100110111111100111111010        1    
317          1111111111111111111111111111111111101011111110111111101101110110        1    
318          1111111111111111111111111111111111111111111110111111101101110110        0    
319          1111111111111111111111111111111111111111111110111111101101110110        3    
320          1111111111111111111111111111111111111111110110111111101101110110        3    
321          1111111111111111111111111111111111101011110110111110101101110110        0    
322          1111111111111111111111111111111111101010110110111110101101110010        0    
323          1111111111111111111111111111111111101110110110111111101101110010        0    
324          1111111111111111111111111111111111101110110110111111101101110010        0    
325          1111111111111111111111111111111111101110110110111111101101110010        4    
326          1111111111111111111111111111111111111111111111111111101101110010        0    
327          1111111111111111111111111111111111111111111111111111101101110010        0    
328          1111111111111111111111111111111111111111111111111111100111110010        0    
329          1111111111111111111111111111111111111111111111111111100111111110        0    
330          1111111111111111111111111111111111111111111111111111100111111110        0    
331          1111111111111111111111111111111111111111111111111111100110111110        0    
332          1111111111111111111111111111111111111111111111111111100110111110        4    
333          1111111111111111111111111111111111111111111111111111100110111110        4    
334          1111111111111111111111111111111111111111111111111111100111111110        3    
335          1111111111111111111111111111111111111111111111111111100111111110        3    
336          1111111111111111111111111111111111111111111111111111100111111110        3    
337          1111111111111111111111111111111111111111111111111111101000111110        3    
338          1111111111111111111111111111111111111101111111111111101000111110        0    
339          1111111111111111111111111111111111111101111111111111101000111110        0    
340          1111111111111111111111111111111111111101011111111111101001111110        2    
341          1111111111111111111111111111111111111001011111111100101001111110        2    
