time         game_state
1            1111111111111111111111111111111111111111111111111110011111011110        0    
2            1111111111111111111111111111111111111111111111111110111111011110        0    
3            1111111111111111111111111111111111111111111111111110111111011110        0    
4            1111111111111111111111111111111111111111111111111111011111110010        0    
5            1111111111111111111111111111111111111111111111111111011111110010        0    
6            1111111111111111111111111111111111111111111111111111111111110010        0    
7            1111111111111111111111111111111111111111111111111111111111110010        0    
8            1111111111111111111111111111111111111111111111111000011110110010        0    
9            1111111111111111111111111111111111111111111111111000011110110010        0    
10           1111111111111111111111111111111111111111111111111000111111110010        3    
11           1111111111111111111111111111111111111111111111111000111101110010        3    
12           1111111111111111111111111111111111111111111111111000111101110010        3    
13           1111111111111111111111111111111111111111111111111000111111110010        3    
14           1111111111111111111111111111111110110101110011111000111111110010        0    
15           1111111111111111111111111111111110110101111011011000111111011110        0    
16           1111111111111111111111111111111110110101111011011001111111011110        0    
17           1111111111111111111111111111111110110101110011011001011110011110        0    
18           1111111111111111111111111111111110110101110011011010011110011110        0    
19           1111111111111111111111111111111111111101110011011111111011011110        2    
20           1111111111111111111111111111111111111101110011011111111011011110        2    
21           1111111111111111111111111111111111111101100011111111111011011110        0    
22           1111111111111111111111111111111111111101100011111111011011011010        0    
23           1111111111111111111111111111111111111101100011111111011111011010        0    
24           1111111111111111111111111111111111111101101011111111111111011010        0    
25           1111111111111111111111111111111111111101101011111111111111011010        0    
26           1111111111111111111111111111111111111101110011111111011111010110        0    
27           1111111111111111111111111111111111111101110011111111011011010110        3    
28           111101111011111111011011010110          3    
29           111101111011111111011011010110          3    
30           111101111011111111011011010110          0    
31           111110110011111111011011010010          0    
32           111110110011111110011011010010          0    
33           111110111011111110111110010010          0    
34           111110111011111111111110010010          0    
35           111111011011111111011111010010          2    
36           111111001011111111011111010010          0    
37           110111101011111111111110010010          0    
38           110110000011111110011111010010          0    
39           110111111011111110110000010010          1    
40           1111111111111111111111111111111111111111111011111110110000010010        0    
41           1111111111111111111111111111111111111111110011111101110001010010        0    
42           1111111111111111111111111111111111111111111011011100110010010010        0    
43           1111111111111111111111111111111111111111110011011011110010010110        2    
44           111101100011111011110010010110          0    
45           111001100011111111110010010110          0    
46           111101100011111111110110011010          0    
47           111101101010111111110110011010          1    
48           111111110010111111111010011110          1    
49           1111111111111111111111111111111111111111110010111111111010011110        0    
50           1111111111111111111111111111111111111111111010111010111010011110        0    
51           1111111111111111111111111111111111111111110010111001111010110010        0    
52           1111111111111111111111111111111111111111111010111001111010110010        4    
53           1111111111111111111111111111111111111111111111111001111010110010        0    
54           1111111111111111111111111111111111111111111111111001110110110110        0    
55           1111111111111111111111111111111111111111111111111001110110110110        0    
56           1111111111111111111111111111111111111111111111111010110110110110        0    
57           1111111111111111111111111111111111111111111111111010110010110110        0    
58           1111111111111111111111111111111111111111111111111010110010111010        0    
59           1111111111111111111111111111111111111111111111111010110010111010        0    
60           1111111111111111111111111111111111111111111111111010110011111010        0    
61           1111111111111111111111111111111111111111111111111010011111111010        0    
62           1111111111111111111111111111111111111111111111111010011110111010        1    
63           1111111111111111111111111111111111111111111111111010011100111010        1    
64           1111111111111111111111111111111111111111111111111010011101111010        1    
65           1111111111111111111111111111111111111111111111111010011111111010        1    
66           1111111111111111111111111111111111111111111100011010011111110110        0    
67           1111111111111111111111111111111111111111111100011111011111110110        0    
68           1111111111111111111111111111111111111111111100011111011111110110        4    
69           1111111111111111111111111111111111111111111100011110011111110110        4    
70           1111111111111111111111111111111111111111111100111110011111110010        4    
71           1111111111111111111111111111111111111111111100111111011111110010        4    
72           1111111111111111111111111111111111111111111111111101111111110010        0    
73           1111111111111111111111111111111111111111111111111101111101110010        0    
74           1111111111111111111111111111111111111111111111111101011110110010        0    
75           1111111111111111111111111111111111111111111111111101010110110010        0    
76           1111111111111111111111111111111111111111111111111101110111110010        0    
77           1111111111111111111111111111111111111111111111111101110111110010        0    
78           1111111111111111111111111111111111111111111111111101011100110010        0    
79           1111111111111111111111111111111111111111111111111101011010110010        0    
80           1111111111111111111111111111111111111111111111110111111010011110        0    
81           1111111111111111111111111111111111111111111111110111111000011110        0    
82           1111111111111111111111111111111111111111111111110111011000011110        0    
83           1111111111111111111111111111111111111111111111110111011110011110        0    
84           1111111111111111111111111111111111111111111111110111111110011010        0    
85           1111111111111111111111111111111111111111111111110111111100011010        0    
86           1111111111111111111111111111111111111111111111110111011111011010        0    
87           1111111111111111111111111111111111111111111111110111011111011010        0    
88           1111111111111111111111111111111111111111111111110101111110011010        0    
89           1111111111111111111111111111111111111111111111110101111110011010        0    
90           1111111111111111111111111111111111111111111111110101011101011010        0    
91           1111111111111111111111111111111111111111111111110101010111011010        0    
92           1111111111111111111111111111111111111111111111110101110111011010        0    
93           1111111111111111111111111111111111111111111111110101110101011010        0    
94           1111111111111111111111111111111111111111111111110101110101010110        3    
95           1111111111111111111111111111111111111111111111110101110111010110        3    
96           1011010110100110101110111010110         0    
97           1011110110101010101110111010110         0    
98           1011110110101010110110111010110         0    
99           1110001110101010110110111010010         0    
100          1110001110101010111110111010010         0    
101          1110001111101010111010111010010         1    
102          1110001111101011100010111010011         1    
103          1111111111111111111111111111111111111111111101011100010111010011        0    
104          1111111111111111111111111111111111111111111101010111010111010011        0    
105          1111111111111111111111111111111111111111111101010111010111010011        2    
106          1111111111111111111111111111111111111111111101010110010111010011        2    
107          1111111111111111111111111111111111111111110101010111110111011111        2    
108          1111111111111111111111111111111111111111110101010111110111011111        2    
109          1111111111111111111111111111111111111111110101010111110111011111        2    
110          1111111111111111111111111111111111110111100101110111110111011111        0    
111          1111111111111111111111111111111111110111100101110111110111011111        0    
112          1111111111111111111111111111111111110111100101110111110101011111        0    
113          1111111111111111111111111111111111110110100101110111110101011111        0    
114          1111111111111111111111111111111111110110111101110111010111011111        0    
115          1111111111111111111111111111111111110110011101110111010111011111        0    
116          1111111111111111111111111111111111110110011101110111011101011111        0    
117          1111111111111111111111111111111111100110011011110111001111011111        0    
118          1111111111111111111111111111111111100110011011110111001111011111        0    
119          1111111111111111111111111111111111110110010011110111101111011111        1    
120          1111111111111111111111111111111111110110010011110111101111011111        1    
121          1111111111111111111111111111111111111111110011110111101111011111        0    
122          1111111111111111111111111111111111111111110011110111001111110011        0    
123          1111111111111111111111111111111111111111110011110111001111110011        0    
124          1111111111111111111111111111111111111111110011110111101111110011        0    
125          1111111111111111111111111111111111111111110011110111101111110011        0    
126          1111111111111111111111111111111111111111111011111011001110110011        0    
127          1111111111111111111111111111111111111111111011111010001110110011        0    
128          1111111111111111111111111111111111111111111011111010101101110011        0    
129          1111111111111111111111111111111111111111111011111001101101110011        0    
130          1111111111111111111111111111111111111111111011111001101101110011        0    
131          1111111111111111111111111111111111111111111011111000101101110011        0    
132          1111111111111111111111111111111111111111111011111000101101110011        0    
133          1111111111111111111111111111111111111111111011011000101101011111        0    
134          1111111111111111111111111111111111111111111011011111101101011111        0    
135          1111111111111111111111111111111111111111111011011111001101011111        0    
136          1111111111111111111111111111111111111111111011011110001101011111        0    
137          1111111111111111111111111111111111111111111011011111101101011111        0    
138          1111111111111111111111111111111111111111111011011111101101011011        0    
139          1111111111111111111111111111111111111111111011011111101101011011        0    
140          1111111111111111111111111111111111111111111011011111001101011011        0    
141          1111111111111111111111111111111111111111111011011111001101011011        0    
142          1111111111111111111111111111111111111111111011011110101101011011        0    
143          1111111111111111111111111111111111111111111011011111101110011011        0    
144          1111111111111111111111111111111111111111111011011111001110011011        0    
145          1111111111111111111111111111111111111111111011011111001111011011        0    
146          1111111111111111111111111111111111111111111011011110001111011011        0    
147          1111111111111111111111111111111111111111111011101110001111011011        0    
148          1111111111111111111111111111111111111111111011101110001111011011        4    
149          1111111111111111111111111111111111111111111011101111001111011011        4    
150          1111111111111111111111111111111111111111111011111111001111011011        4    
151          1111111111111111111111111111111111111111111011111111001111011111        4    
152          1111111111111111111111111111111111111111111011111110001111011111        4    
153          1111111111111111111111111111111111111111111111111110001111011111        0    
154          1111111111111111111111111111111111111111111111111110101111011111        0    
155          1111111111111111111111111111111111111111111111111110101111011111        0    
156          1111111111111111111111111111111111111111111111111110101111011111        0    
157          1111111111111111111111111111111111111111111111111111001111011111        0    
158          1111111111111111111111111111111111111111111111111111001111110011        0    
159          1111111111111111111111111111111111111111111111111111001111110011        0    
160          1111111111111111111111111111111111111111111111111111101111110011        0    
161          1111111111111111111111111111111111111111111111111111101111110011        1    
162          1111111111111111111111111111111111111111111111111111101111110011        1    
163          1111111111111111111111111111111111111111111111111000001111110011        1    
164          1111111111111111111111111111111111111111111111111000001110110011        1    
165          1111111111111111111111111111111111111111111111111000001110110011        1    
166          1111111111111111111111111111111111111111111111111000101110110011        1    
167          1111111111111111111111111111111111111111111111111000101101110011        1    
168          1111111111111111111111111111111111111111111111111000101111110011        1    
169          1111111111111111111111111111111111111111111011101000101111110011        0    
170          1111111111111111111111111111111111111111111011101000101111110011        0    
171          1111111111111111111111111111111111111111111011101111101111110011        0    
172          1111111111111111111111111111111111111111111011011111101111110011        0    
173          1111111111111111111111111111111111111111111011011111101111011111        0    
174          1111111111111111111111111111111111111111111011011110101111011111        2    
175          1111111111111111111111111111111111111111111011011110001111011111        2    
176          1111111111111111111111111111111111111111111011011110001110011111        2    
177          1111111111111111111111111111111111111111111011011101001110011111        2    
178          1111111111111111111111111111111111101011001011110111101110011111        0    
179          1111111111111111111111111111111111101011001011110111101011011111        0    
180          1111111111111111111111111111111111101011001011110111101111011111        0    
181          1111111111111111111111111111111111010111001011110111001111011111        0    
182          1111111111111111111111111111111111010111001011110111001111011011        0    
183          1111111111111111111111111111111111010111001011110111001111011011        0    
184          1111111111111111111111111111111111000111001011110111101111011011        0    
185          1111111111111111111111111111111111000111001011110111101111011011        0    
186          1111111111111111111111111111111111000111001011110111101011011011        0    
187          1111111111111111111111111111111110110111001011110111001011011011        1    
188          1111111111111111111111111111111110110111001011110111001011010111        1    
189          1111111111111111111111111111111110110111010011110111001011010111        1    
190          1111111111111111111111111111111110100111010011100111001011010111        1    
191          1111111111111111111111111111111110100111010011100111001011010111        1    
192          1111111111111111111111111111111110100111010011100111001111010111        1    
193          1111111111111111111111111111111111111111110011110111001111010111        0    
194          1111111111111111111111111111111111111111110011110111001111010011        0    
195          1111111111111111111111111111111111111111110011110110101111010011        0    
196          1111111111111111111111111111111111111111110011110110101100010011        0    
197          1111111111111111111111111111111111111111111011110110101100010011        0    
198          1111111111111111111111111111111111111111111011110111001100010011        0    
199          1111111111111111111111111111111111111111111011110111001101010011        0    
200          1111111111111111111111111111111111111111111011110111101110010011        4    
201          1111111111111111111111111111111111111111111011111010001110010011        4    
202          1111111111111111111111111111111111111111111011111001001110010011        4    
203          1111111111111111111111111111111111111111111111111001001110010011        0    
204          1111111111111111111111111111111111111111111111111001101110010010        0    
205          1111111111111111111111111111111111111111111111111001101110011110        0    
206          1111111111111111111111111111111111111111111111101001101110011110        0    
207          1111111111111111111111111111111111111111111111101001101110011110        0    
208          1111111111111111111111111111111111111111111111111001101110011110        0    
209          1111111111111111111111111111111111111111111111111001101111011110        0    
210          1111111111111111111111111111111111111111111111111001001111011110        0    
211          1111111111111111111111111111111111111111111111111001001100011110        3    
212          1111111111111111111111111111111111111111111111110111101100011110        3    
213          1111111111111111111111111111111111111111111111110111101011011110        3    
214          110110110011010111101011011110          0    
215          110111111011000111001011011110          0    
216          110111111011000111001010011110          0    
217          110101110010110111001010011110          0    
218          110101110010110111001010011111          0    
219          110101110010110111001011011111          1    
220          110101110010110111001011011111          1    
221          1111111111111111111111111111111111111111110010110111001011011111        0    
222          1111111111111111111111111111111111111111110010110111001011011111        2    
223          1111111111111111111111111111111111111111111010110111101011011111        2    
224          1111111111111111111111111111111111111111111010110110101011011111        2    
225          1111111111111111111111111111111111111111111010110110101011011111        2    
226          1111111111111111111111111111111111111111111010110110101010011111        2    
227          1111111111111111111111111111111111111111111010110111101010011111        2    
228          1111111111111111111111111111111111110111101010110111101010011111        0    
229          1111111111111111111111111111111111110111101010110111101100011111        0    
230          1111111111111111111111111111111111110111101010110111101100011111        0    
231          1111111111111111111111111111111111110111101010110111101110011111        0    
232          1111111111111111111111111111111111110111100010100111101110011111        0    
233          1111111111111111111111111111111111110111100010100111101111011111        0    
234          1111111111111111111111111111111111110111100010100111101111011111        0    
235          1111111111111111111111111111111111110111100010100111101111011111        0    
236          1111111111111111111111111111111111110111100010100111101111011111        3    
237          1111111111111111111111111111111111110111100010100111101111011111        3    
238          1111111111111111111111111111111111111111110010010111101111011111        0    
239          1111111111111111111111111111111111111111110010010111101110011111        0    
240          1111111111111111111111111111111111111111110010010110101110011111        0    
241          1111111111111111111111111111111111111111110010010110101110011111        0    
242          1111111111111111111111111111111111111111110010010111101110011111        0    
243          1111111111111111111111111111111111111111110010010111101110011111        0    
244          1111111111111111111111111111111111111111110010000110101110011111        0    
245          1111111111111111111111111111111111111111110010000110101111011111        0    
246          1111111111111111111111111111111111111111110010000111101111011111        0    
247          1111111111111111111111111111111111111101110010000111101111011111        0    
248          1111111111111111111111111111111111111101110010000110101111011111        0    
249          1111111111111111111111111111111111111101110010000110101111110011        0    
250          1111111111111111111111111111111111111101111010000111001111110011        1    
251          1111111111111111111111111111111111111111111010000111001111110011        0    
252          1111111111111111111111111111111111111111111010000110001111110011        0    
253          1111111111111111111111111111111111111111111010000110001110110011        2    
254          1111111111111111111111111111111111111111111010000111001110110011        2    
255          1111111111111111111111111111111111111101101010100111001101110011        0    
256          1111111111111111111111111111111111111101101010100111001111110011        0    
257          1111111111111111111111111111111111111111101010100111001111110011        0    
258          1111111111111111111111111111111111111111110010100101101111110011        0    
259          1111111111111111111111111111111111111111110010100101111101110011        3    
260          1111111111111111111111111111111111111111110010100101111101011111        3    
261          1111111111111111111111111111111111111111110010100101111111011111        3    
262          1111111111111111111111111111111110111111110010000101111111011111        0    
263          1111111111111111111111111111111110111111111010000111011111011011        0    
264          1111111111111111111111111111111110111111111011110111011111011011        2    
265          1111111111111111111111111111111110111101111011111110111110011011        2    
266          1111111111111111111111111111111110111101111011111110111110011011        4    
267          1111111111111111111111111111111110111111100011111110111110011011        4    
268          1111111111111111111111111111111110111111000011111111011111011011        4    
269          1111111111111111111111111111111111111111111111111111011111011011        0    
270          1111111111111111111111111111111111111111111111111111111111011011        1    
271          1111111111111111111111111111111111111111110011111111111111011011        0    
272          1111111111111111111111111111111111111111110011111111011111011111        0    
273          1111111111111111111111111111111111111111111011111111011111011111        2    
274          1111111111111111111111111111111111111111111011111111111111011111        2    
275          1111111111111111111111111111111111111111111011111110111111011111        2    
276          1111111111111111111111111111111111111111111011101110111111110011        2    
277          1111111111111111111111111111111111111111111011101101111111110011        2    
278          1111111111111111111111111111111111111110101011101101111111110011        0    
279          1111111111111111111111111111111111111110001011111101111111110011        0    
280          1111111111111111111111111111111111111110001011111101111111110011        0    
281          1111111111111111111111111111111111111110001011111101111111110011        0    
282          1111111111111111111111111111111111111011101011111101011110110011        0    
283          1111111111111111111111111111111111111011101011111101011110110011        0    
284          1111111111111111111111111111111111111011001011110111111111110011        0    
285          1111111111111111111111111111111111111011001011110111111101110011        0    
286          1111111111111111111111111111111111111010101011110111011101110011        0    
287          1111111111111111111111111111111111111010101011110111011111110011        0    
288          1111111111111111111111111111111111110110101011110111011111110011        0    
289          1111111111111111111111111111111111110110001011110111111111011111        0    
290          1111111111111111111111111111111111110110001011110111111101011111        0    
291          1111111111111111111111111111111111110111101011110111111100011111        0    
292          1111111111111111111111111111111111110111101011110111011110011111        0    
293          1111111111111111111111111111111111110111001011110111011111011111        1    
294          1111111111111111111111111111111111110111000011100111101011011111        1    
295          1111111111111111111111111111111111111111110011100111101011011111        0    
296          1111111111111111111111111111111111111111110011100111101011011111        0    
297          1111111111111111111111111111111111111111110011110110101011011111        0    
298          1111111111111111111111111111111111111111110011110110101011110011        0    
299          1111111111111111111111111111111111111111110011110111101011110011        0    
300          1111111111111111111111111111111111111111110011110111101010110011        0    
301          1111111111111111111111111111111111111111111011110111101010110011        0    
302          1111111111111111111111111111111111111111111011110111101001110011        2    
303          1111111111111111111111111111111111111111111011110111101001110011        2    
304          1111111111111111111111111111111111111111111011110111101001110011        0    
305          1111111111111111111111111111111111111101111011110111101000110011        0    
306          1111111111111111111111111111111111111101111011111001101010110011        0    
307          1111111111111111111111111111111111111101110011111001101010110011        0    
308          1111111111111111111111111111111111111101110011111001101100110011        0    
309          1111111111111111111111111111111111111101110011111001101100110111        0    
310          1111111111111111111111111111111111111101110011101001101110110111        0    
311          1111111111111111111111111111111111111101110011101001101110110111        0    
312          1111111111111111111111111111111111111101110011111001101000110111        0    
313          1111111111111111111111111111111111111111101011111001101000111011        0    
314          1111111111111111111111111111111111111111101011111001101000111011        0    
315          1111111111111111111111111111111111111111101011111001101010111011        0    
316          1111111111111111111111111111111111111111101011111001101111111011        0    
317          1111111111111111111111111111111111111111101011110111101111111011        0    
318          1111111111111111111111111111111111111111101011110111101111111011        0    
319          1111111111111111111111111111111111111111101011110111101110111011        0    
320          1111111111111111111111111111111111111111101011110111101110111011        0    
321          1111111111111111111111111111111111111111100011110111101110111011        0    
322          1111111111111111111111111111111110111111100011110111101111111011        0    
323          1111111111111111111111111111111110111111100011110111110101111011        0    
324          1111111111111111111111111111111110111111100011110111110101111011        0    
325          1111111111111111111111111111111110111111100011110111110111111011        0    
326          1111111111111111111111111111111110111111100011100111110111111011        0    
327          1111111111111111111111111111111110111111100011100111110101111111        0    
328          1111111111111111111111111111111110111011100011100111110101111111        0    
329          1111111111111111111111111111111110111011100011110111110101111111        0    
330          1111111111111111111111111111111110111011100011110111110111111111        0    
331          1111111111111111111111111111111110111011100011110111110111111111        0    
332          1111011100011110111111101110011         0    
333          1111011100011110111111101110011         3    
334          1111011110011110111111101110011         0    
335          1111111110011110111111101110011         0    
336          1111111110011110111111101110111         0    
337          1111111110011110111111101110111         0    
338          1111111110011111011111101110111         0    
339          1111111110011111100111101110111         4    
340          1111101110011111100111111011111         4    
341          1111101110011111101111111011111         4    
342          1111111111111111111111111111111111111111111111111101111111011111        0    
343          1111111111111111111111111111111111111111111111111101111111011111        0    
344          1111111111111111111111111111111111111111111111111101111111011111        0    
345          1111111111111111111111111111111111111111111111111101111111110011        0    
346          1111111111111111111111111111111111111111111111111101111111110011        0    
347          1111111111111111111111111111111111111111111111111101111111110011        0    
348          1111111111111111111111111111111111111111111111111101111111110011        0    
349          1111111111111111111111111111111111111111111111111101111110110011        0    
350          1111111111111111111111111111111111111111111111111101111110110011        0    
351          1111111111111111111111111111111111111111111111101101111101110011        0    
352          1111111111111111111111111111111111111111111111101101101111110011        3    
353          1111111111111111111111111111111111111111110011101101101111110011        0    
354          1111111111111111111111111111111111111111110011101101101111110011        0    
355          1111111111111111111111111111111111111111111011101101101111110011        0    
356          1111111111111111111111111111111111111111111011101110101111110011        0    
357          1111111111111111111111111111111111111111111011101110101111011111        0    
358          1111111111111111111111111111111111111111111011101111101111011111        0    
359          1111111111111111111111111111111111111111111011011111101111011111        0    
360          1111111111111111111111111111111111111111111011011111101111011111        0    
361          1111111111111111111111111111111111111111111011011000101111011111        0    
362          1111111111111111111111111111111111111111111011011000101111011011        0    
363          1111111111111111111111111111111111111110010011011000101111011011        0    
364          1111111111111111111111111111111111111110110011011001101111011011        0    
365          1111111111111111111111111111111111111110110011011001101111011011        0    
366          1111111111111111111111111111111111111111010011011010101111011011        0    
367          1111111111111111111111111111111111111111010011011010101110011011        0    
368          1111111111111111111111111111111111111111110011011010101110011011        0    
369          1111111111111111111111111111111111111111110011011011101110011011        0    
370          1111111111111111111111111111111111111111111011011011101111011011        0    
371          1111111111111111111111111111111111111110011011011011101111011011        0    
372          1111111111111111111111111111111111111110011011011100101111011011        0    
373          1111111111111111111111111111111111111110011011011100101111011011        0    
374          1111111111111111111111111111111111111110111011011111101111011011        0    
375          1111111111111111111111111111111111111110111011011111101111011011        0    
376          1111111111111111111111111111111111111110111011011111101111011111        0    
377          1111111111111111111111111111111111111110111011011111101111011111        0    
378          1111111111111111111111111111111111111110111011011111101111011111        0    
379          1111111111111111111111111111111111111010111011011111101111011111        0    
380          1111111111111111111111111111111111111010111011011111101111011111        0    
381          1111111111111111111111111111111111111010111011011111101111011111        0    
382          1111111111111111111111111111111111111010111011011111101111110011        0    
383          1111111111111111111111111111111111111010111011001111101111110011        0    
384          1111111111111111111111111111111111111010011011001111101111110011        0    
385          1111111111111111111111111111111111111010011011010111101111110011        0    
386          1111111111111111111111111111111111111010011011010111101111110011        0    
387          1111111111111111111111111111111111111111111011010111101111110011        0    
388          1111111111111111111111111111111111110111111011010111101111110011        0    
389          1111111111111111111111111111111111110111111011010111101110110011        0    
390          1111111111111111111111111111111111110111011011010111101110110011        0    
391          1111111111111111111111111111111111110111011011010111101110110011        0    
392          1111111111111111111111111111111111110111011011010111101111110011        0    
393          1111111111111111111111111111111111110111011010110111101111110011        0    
394          1111111111111111111111111111111110110111011010110111101111110011        0    
395          1111111111111111111111111111111110110111011010110111101111110011        0    
396          1111111111111111111111111111111110110111011010110111101111110011        0    
397          1111111111111111111111111111111110110111110010110111101111110011        4    
398          1111111111111111111111111111111110110111110010110111101111110011        4    
399          1111111111111111111111111111111110110111110010110111101111011111        4    
400          1111111111111111111111111111111110111110010010110111101111011111        4    
401          1111111111111111111111111111111110111110010010110111101111011111        4    
402          1111111111111111111111111111111111111111111111110111101110011111        0    
403          1111111111111111111111111111111111111111111111110111101110011111        0    
404          1111111111111111111111111111111111111111111111110111101100011111        0    
405          1111111111111111111111111111111111111111111111110111101111011111        0    
406          1111111111111111111111111111111111111111111111110111101111011111        0    
407          1111111111111111111111111111111111111111111111110111101011011111        0    
408          1111111111111111111111111111111111111111111111110111101011011111        0    
409          1111111111111111111111111111111111111111111111110111101011011111        0    
410          1111111111111111111111111111111111111111111111110111101011011111        0    
411          1111111111111111111111111111111111111111111111110111101011110011        0    
412          1111111111111111111111111111111111111111111111110111101011110011        0    
413          1111111111111111111111111111111111111111111111110111101111110011        0    
414          1111111111111111111111111111111111111111111111110111101111110011        0    
415          1111111111111111111111111111111111111111111111110111101111110011        0    
416          1111111111111111111111111111111111111111111111110111101111110011        0    
417          1111111111111111111111111111111111111111111111110111101111110011        0    
418          1111111111111111111111111111111111111111111111110111101111110111        0    
419          1111111111111111111111111111111111111111111111110111101111110111        0    
420          1111111111111111111111111111111111111111111111110111101011110111        3    
421          1111111111111111111111111111111111111111111111110111101011110111        3    
422          1111111111111111111111111111111111111111111111110111101011110111        3    
423          1111111111111111111111111111111111111111111111110111101011110111        3    
424          1111111111111111111111111111111111111111110010010111101011111011        0    
425          1111111111111111111111111111111111111111111010010111101011111011        0    
426          1111111111111111111111111111111111111111111010010111101011111011        0    
427          1111111111111111111111111111111111111111111010010110101011111011        0    
428          1111111111111111111111111111111111111111111010010110101100111011        0    
429          111111111010010110101100111011          4    
430          111111111010010111101100111011          4    
431          111111111010010111101101111011          4    
432          111111111010010111101101111011          4    
433          111111111010011110101101111011          4    
434          1111111111111111111111111111111111111111111111111110101110111011        0    
435          1111111111111111111111111111111111111111111111111110101110111011        0    
436          1111111111111111111111111111111111111111111111111110111110111011        0    
437          1111111111111111111111111111111111111111111111111110111111111011        0    
438          1111111111111111111111111111111111111111111111111110011111111011        0    
439          1111111111111111111111111111111111111111111111111110011111111011        0    
440          1111111111111111111111111111111111111111111111111110011100111011        0    
441          1111111111111111111111111111111111111111111111111110011100111011        0    
442          1111111111111111111111111111111111111111111111111110011010111011        0    
443          1111111111111111111111111111111111111111111111111110011011111011        0    
444          1111111111111111111111111111111111111111111111111110011011111011        0    
445          1111111111111111111111111111111111111111111111111110011001111011        0    
446          1111111111111111111111111111111111111111111111111110011010111011        0    
447          1111111111111111111111111111111111111111111111111110011010111011        0    
448          1111111111111111111111111111111111111111111111111110010110111011        0    
449          1111111111111111111111111111111111111111111111111101110110110111        0    
450          1111111111111111111111111111111111111111111111111101110110110111        0    
451          1111111111111111111111111111111111111111111111111101110110110111        0    
452          1111111111111111111111111111111111111111111111111101110110110111        0    
453          1111111111111111111111111111111111111111111111111101110110110111        0    
454          1111111111111111111111111111111111111111111111111101110010110111        0    
455          1111111111111111111111111111111111111111111111111101110010110011        0    
456          1111111111111111111111111111111111111111111111111101110010110011        0    
457          1111111111111111111111111111111111111111111111111101110010110011        0    
458          1111111111111111111111111111111111111111111111111101010010110011        0    
459          1111111111111111111111111111111111111111111111111101010010110011        1    
460          1111111111111111111111111111111111111111111111111101011110110011        1    
461          1111111111111111111111111111111111111111111111111101011110011111        1    
462          1111111111111111111111111111111111111111111111111101011110011111        1    
463          1111111111111111111111111111111111111111111111111101011110011111        1    
464          1111111111111111111111111111111111111111111010011101011110011111        0    
465          1111111111111111111111111111111111111111111010011101011110011111        0    
466          1111111111111111111111111111111111111111111010010111011110011111        3    
467          111101111010010111011110011011          0    
468          111101111010010111111110011011          0    
469          111101111010011100111110011011          0    
470          111101111010011100111110011011          0    
471          111101111010011100111110011011          0    
472          111101111010011101111110011011          0    
473          111101110010011101111110010111          0    
474          1111101110010011101111110010111         4    
475          1111101110010011110111110010111         4    
476          1111101110010011110111110010111         4    
477          1111101110001111110111110010111         4    
478          1111101110001111110111110010111         4    
479          1111101110001111111111110010111         4    
480          1111111111111111111111111111111111111111111111111111111110010011        0    
481          1111111111111111111111111111111111111111111111111111111110010011        0    
482          1111111111111111111111111111111111111111111111111111111010010011        0    
483          1111111111111111111111111111111111111111111111111111111011010011        0    
484          1111111111111111111111111111111111111111111111111111111011010011        1    
485          1111111111111111111111111111111111111111111111111111111011010011        1    
486          1111111111111111111111111111111111111111111111111111111100010011        1    
487          1111111111111111111111111111111111111111111111111111111100010011        1    
488          1111111111111111111111111111111111111111111111111111111100010011        1    
489          1111111111111111111111111111111111111111111111111111110110010011        1    
490          1111111111111111111111111111111111111111111001111111110111010011        0    
491          1111111111111111111111111111111111111111111001111111110111010011        3    
492          1111111111111111111111111111111111111111110001111110110111010011        3    
493          1111110110001111110110111010011         0    
494          1111110010001111110110111010011         4    
495          1111110010001111111110111010011         4    
496          1111111111111111111111111111111111111111111111111111110111011111        0    
497          1111111111111111111111111111111111111111111111111111110111011111        0    
498          1111111111111111111111111111111111111111111111111111110101011111        0    
499          1111111111111111111111111111111111111111111111111111110101011111        0    
500          1111111111111111111111111111111111111111111111111111110101011111        0    
501          1111111111111111111111111111111111111111111111111111110111011111        3    
502          1111111011001011111110111011011         0    
503          1111110111001011111110111011011         0    
504          1111110111001011100110111011011         0    
505          1111110111001011101010111011011         0    
506          1111110111001011101010111011011         0    
507          1111110111001011101010111011011         0    
508          1111110111001011101010111010111         2    
509          1111010111001011101010111010111         2    
510          1111010111001011101010111010111         2    
511          1111010111001011111010111010111         2    
512          1111010101001111111010111010111         0    
513          1111111111111111111111111111111110111010101001111111010111010111        0    
514          1111111111111111111111111111111110111010101001111111110101010110        0    
515          1111111111111111111111111111111110111010101001111111110101010010        0    
516          1111111111111111111111111111111110110111001001111111110101010010        0    
517          1111111111111111111111111111111110110111001001111110010111010010        0    
518          1111111111111111111111111111111110110111001001111110010110010010        0    
519          1111111111111111111111111111111110110111000001111110010110010010        0    
520          1111111111111111111111111111111110110111100001111110010110010010        0    
521          1111111111111111111111111111111110110111100001111110111110010010        0    
522          1111111111111111111111111111111110110111100001111110111111010010        0    
523          1111111111111111111111111111111110110101111001111110111111010010        0    
524          1111111111111111111111111111111110110101111001111110111111010010        0    
525          1111111111111111111111111111111110110101111001111110111111010010        0    
526          1111111111111111111111111111111110110101111001111110111010010010        0    
527          1111111111111111111111111111111110110001110001111110111010010010        0    
528          1111111111111111111111111111111110110001110000111110111100010010        0    
529          1111111111111111111111111111111110110001110000111110111100010110        0    
530          1111111111111111111111111111111110111101110000111110111100010110        0    
531          1111111111111111111111111111111110111101110000111110111110010110        0    
532          1111111111111111111111111111111110111101110000111110111110010110        0    
533          1111111111111111111111111111111110111101101000111110111110010110        0    
534          1111111111111111111111111111111110111111101000111110111110010110        0    
535          1111111111111111111111111111111110111111101000111110111000010110        0    
536          1111111111111111111111111111111110111111101000111110111001010110        0    
537          1111111111111111111111111111111110111111100000111110111001010110        0    
538          1111111111111111111111111111111110111111100000111110111011010110        0    
539          1111111111111111111111111111111110111111100000111110011010010110        0    
540          1111111111111111111111111111111110111111011000111110011010010110        0    
541          1111111111111111111111111111111110111111011000111111111110010110        0    
542          1111111111111111111111111111111110111111011000111111111111010110        0    
543          1111111111111111111111111111111110111111010000111111111111010110        0    
544          1111111111111111111111111111111110101111010000111111111111010110        0    
545          1111111111111111111111111111111110101111010000111111011111010110        0    
546          1111111111111111111111111111111110101111010000111111011111011010        0    
547          1111111111111111111111111111111110111111001000111111011111011010        0    
548          1111111111111111111111111111111110111111001000111110111011011010        0    
549          1111111111111111111111111111111110111111001000111110111011011010        0    
550          1111111111111111111111111111111110110011001000111110111011011010        0    
551          1111111111111111111111111111111110110011001000111110111011011010        0    
552          1111111111111111111111111111111110110011001000111110011011011010        0    
553          1111111111111111111111111111111110110011001000111110011011011110        0    
554          1111111111111111111111111111111110110111001000111110011011011110        0    
555          1111111111111111111111111111111110110111101000111110011011011110        0    
556          1111111111111111111111111111111110110111101000111111111111011110        0    
557          1111111111111111111111111111111110110111101000111111111110011110        0    
558          1111111111111111111111111111111110111101001000111111111110011110        0    
559          1111111111111111111111111111111110111101001000111111011110011110        0    
560          1111111111111111111111111111111110111101001000111111011111011110        0    
561          1111111111111111111111111111111110111101001000111111011111011110        0    
562          1111111111111111111111111111111110111101101000111111011111011110        0    
563          1111111111111111111111111111111110111101101000111110111001011110        0    
564          1111111111111111111111111111111110111101101000111110111000011110        0    
565          1111111111111111111111111111111111000101101000111110111000011110        0    
566          1111111111111111111111111111111111010101101000111110111000011110        0    
567          1111111111111111111111111111111111010101101000111110111010011110        0    
568          1111111111111111111111111111111111010101101000111110111010011110        0    
569          1111111111111111111111111111111111010101101000111110111010011110        0    
570          1111111111111111111111111111111111100101101000111110111010011110        0    
571          1111111111111111111111111111111111100101101000111110111100011110        0    
572          1111111111111111111111111111111111100101101000111111111100010010        0    
573          1111111111111111111111111111111111111101101000111111111100010010        0    
574          1111111111111111111111111111111111111101101000111111111110010010        0    
575          1111111111111111111111111111111111111101101000111111111110010010        0    
576          1111111111111111111111111111111111111101001000111111111110010010        0    
577          1111111111111111111111111111111111111101001000111111111000010010        0    
578          1111111111111111111111111111111111111101001000111110111001010010        0    
579          1111111111111111111111111111111111110101101000111110111001010010        0    
580          1111111111111111111111111111111111110101101000111110111011010010        0    
581          1111111111111111111111111111111111110101101000111110111010010010        0    
582          1111111111111111111111111111111111110101101000111110111010010010        0    
583          1111111111111111111111111111111111110111001000111110111010010010        0    
584          1111111111111111111111111111111111110111001000111110111110010010        0    
585          1111111111111111111111111111111111110111001000111110111111010010        0    
586          1111111111111111111111111111111111110111010000111110111111010010        0    
587          1111111111111111111111111111111111110111110000111110111111010010        0    
588          1111111111111111111111111111111111110111110001111110111111010010        0    
589          1111111111111111111111111111111111110111110001111110111111010110        0    
590          1111111111111111111111111111111111010111111001111110111111010110        0    
591          1111111111111111111111111111111111010111111001111110111011010110        0    
592          1111111111111111111111111111111111010111111001111110111011010110        0    
593          1111111111111111111111111111111111010111100001111110111011010110        0    
594          1111111111111111111111111111111111010111100001111110111011010110        0    
595          1111111111111111111111111111111111010111100001111111111011010110        0    
596          1111111111111111111111111111111111010111100001111111111011011010        0    
597          1111111111111111111111111111111111010111101001111111111011011010        0    
598          1111111111111111111111111111111111110111101001111111111011011010        0    
599          1111111111111111111111111111111111110111101001111111111111011010        0    
600          1111111111111111111111111111111111110111101001111111111111011010        0    
601          1111111111111111111111111111111111111111101001111111111111011010        1    
602          1111111111111111111111111111111111111111101001111110111111011010        1    
603          1111111111111111111111111111111111111111101001111110111110011010        1    
604          1111111111111111111111111111111111111111101001111110111110011010        1    
605          1111111111111111111111111111111111111111101001111110111101011010        1    
606          1111111111111111111111111111111111111111111001011110111101011010        0    
607          1111111111111111111111111111111111111111111001011110111101011010        0    
608          1111111111111111111111111111111111111111111001011111111110011010        0    
609          1111111111111111111111111111111111111111110001011111111110011010        0    
610          1111111111111111111111111111111111111111110001011111111110011010        0    
611          1111111111111111111111111111111111111111110001011111111110011110        4    
612          1111111111111111111111111111111111111111111001011111111110011110        4    
613          1111111111111111111111111111111111111111111001011111111110011110        4    
614          1111111111111111111111111111111111111111111001011011111110011110        4    
615          1111111111111111111111111111111111111111111111111011111110011110        0    
616          1111111111111111111111111111111111111111111111111111111110011110        0    
617          1111111111111111111111111111111111111111111111111111111110110010        0    
618          1111111111111111111111111111111111111111111111111111111110110010        0    
619          1111111111111111111111111111111111111111111111111111111101110010        1    
620          1111111111111111111111111111111111111111111001011111111101110010        0    
621          1111111111111111111111111111111111111111110001111111111101110010        0    
622          1111111111111111111111111111111111111111110001111110111100110010        0    
623          1111111111111111111111111111111111111111111001111110111100110010        0    
624          1111111111111111111111111111111111111111111001111110111100110010        0    
625          1111111111111111111111111111111111111111111001111101111111110010        0    
626          1111111111111111111111111111111111111111110010011101111111110010        0    
627          1111111111111111111111111111111111111111110010011101111111110010        0    
628          1111111111111111111111111111111111111111110010011100111111110010        0    
629          1111111111111111111111111111111111111111111010011101111111110010        0    
630          1111111111111111111111111111111111111111111010011101111111110010        0    
631          1111111111111111111111111111111111111111111010011101111111110110        0    
632          1111111111111111111111111111111111111111110010011101111111110110        0    
633          1111111111111111111111111111111111111111110010011101111111110110        0    
634          1111111111111111111111111111111111111111110010011101111111110110        0    
635          1111111111111111111111111111111111111111111010011110111111110110        0    
636          1111111111111111111111111111111111111111111010011110111111110110        0    
637          1111111111111111111111111111111111111111111010011110111111111010        0    
638          1111111111111111111111111111111111111111111010011110111111111010        0    
639          1111111111111111111111111111111111111111111010011110111111111010        0    
640          1111111111111111111111111111111111111111111010011110111110111010        0    
641          1111111111111111111111111111111111111111111010011110111110111010        2    
642          1111111111111111111111111111111111111110111010111110111110111010        0    
643          1111111111111111111111111111111111111110111010111110111101111010        0    
644          1111111111111111111111111111111111111110111010111110111111111010        0    
645          1111111111111111111111111111111111011110111010111110111111111010        0    
646          1111111111111111111111111111111111011110111010111110111110111010        1    
647          1111111111111111111111111111111111011110111010111110111000111011        1    
648          1111111111111111111111111111111111111111111010111110111000111011        0    
649          1111111111111111111111111111111111111111111010110111111000111011        0    
650          1111111111111111111111111111111111111111110010110111111000111011        0    
651          1111111111111111111111111111111111111111110010110110111000111011        4    
652          1111111111111111111111111111111111111111110010110110111000111011        4    
653          1111111111111111111111111111111111111111110010110111111000111011        4    
654          1111111111111111111111111111111111111111111111110111111000111011        0    
655          1111111111111111111111111111111111111111111111110111111110111011        0    
656          1111111111111111111111111111111111111111111111110111111110111011        0    
657          1111111111111111111111111111111111111111111111110111111110111011        0    
658          1111111111111111111111111111111111111111111111110111111100111011        0    
659          1111111111111111111111111111111111111111111111110111111100111111        0    
660          1111111111111111111111111111111111111111111111110111111010111111        0    
661          1111111111111111111111111111111111111111111111110111111010111111        3    
662          1111111111111111111111111111111111111111111111110111111000111111        3    
663          1111111111111111111111111111111111111111111111110101111000111111        3    
664          1111111111111111111111111111111111111111111111110101111000111111        3    
665          1111111111111111111111111111111111111111111111110101111110111111        3    
666          1111111111111111111111111111111110111111111010110101111110111111        0    
667          1111111111111111111111111111111110111111111010110101111110111111        0    
668          1111111111111111111111111111111110111111110010110101111110111111        0    
669          1111111111111111111111111111111110111111110010110111111110111111        0    
670          1111111111111111111111111111111110111101111010110111111110111111        0    
671          1111111111111111111111111111111110111101111010110111101111011111        0    
672          1111111111111111111111111111111110111101110010110111101111011111        0    
673          1111111111111111111111111111111110111101110010111101101111011111        0    
674          1111111111111111111111111111111110111101111010111101101111011111        0    
675          1111111111111111111111111111111110111101111010111101101111110011        0    
676          1111111111111111111111111111111110111101110010111101101111110011        0    
677          1111111111111111111111111111111110111101110010111110101111110011        0    
678          1111111111111111111111111111111110111101110010111110101111110011        0    
679          1111111111111111111111111111111110111101110010111111101110110011        2    
680          1111111111111111111111111111111110111101100010111111101110110011        0    
681          1111111111111111111111111111111111111111100010111111101110110011        0    
682          1111111111111111111111111111111111111111100010111111101110110011        0    
683          1111111111111111111111111111111111111111100010111111111101110011        0    
684          1111111111111111111111111111111111111111101011111111111101110011        0    
685          1111111111111111111111111111111111111111101011111111111101110011        0    
686          1111111111111111111111111111111111111111101011111111111111110011        4    
687          1111111111111111111111111111111111111111111111111111111111110011        0    
688          1111111111111111111111111111111111111111111111111111111111110011        0    
689          1111111111111111111111111111111111111111111111111111111111011111        0    
690          1111111111111111111111111111111111111111111111111111111101011111        0    
691          1111111111111111111111111111111111111111111111111111111101011111        0    
692          1111111111111111111111111111111111111111111111111111111101011111        0    
693          1111111111111111111111111111111111111111111111111111111101011111        1    
694          1111111111111111111111111111111111111111111111111111101111011111        1    
695          1111111111111111111111111111111111111111111011011111101111011111        0    
696          1111111111111111111111111111111111111111110011011111101111011111        0    
697          1111111111111111111111111111111111111111110011011111101111011011        0    
698          1111111111111111111111111111111111111111110011011110101111011011        0    
699          1111111111111111111111111111111111111111110011011110101111011011        0    
700          1111111111111111111111111111111111111111111011011110101111011011        0    
701          1111111111111111111111111111111111111111111011011110101111011011        4    
702          1111111111111111111111111111111111111111111011011101101111011011        4    
703          1111111111111111111111111111111111111111111011011101101111011011        4    
704          1111111111111111111111111111111111111111111011011101101111011011        4    
705          1111111111111111111111111111111111111111111011011101101110011011        4    
706          1111111111111111111111111111111111111111111011011100101110011011        4    
707          1111111111111111111111111111111111111111111111111100101110011011        0    
708          1111111111111111111111111111111111111111111111111100101110011011        0    
709          1111111111111111111111111111111111111111111111111100101111011011        0    
710          1111111111111111111111111111111111111111111111111100101111011011        0    
711          1111111111111111111111111111111111111111111111111100101111011011        0    
712          1111111111111111111111111111111111111111111111111100101111011011        0    
713          1111111111111111111111111111111111111111111111111100101111011011        0    
714          1111111111111111111111111111111111111111111111111100101111011011        0    
715          1111111111111111111111111111111111111111111111111100101111011011        0    
716          1111111111111111111111111111111111111111111111111100101111011011        0    
717          1111111111111111111111111111111111111111111111111100101111011111        0    
718          1111111111111111111111111111111111111111111111111100101111011111        0    
719          1111111111111111111111111111111111111111111111111100101111011111        0    
720          1111111111111111111111111111111111111111111111111100101111011111        0    
721          1111111111111111111111111111111111111111111111111100101111011111        0    
722          1111111111111111111111111111111111111111111111111100101111011111        0    
723          1111111111111111111111111111111111111111111111111100101111011111        0    
724          1111111111111111111111111111111111111111111111111100101111110011        0    
725          1111111111111111111111111111111111111111111111111100101111110011        0    
726          1111111111111111111111111111111111111111111111111100101111110011        0    
727          1111111111111111111111111111111111111111111111111100101111110011        0    
728          1111111111111111111111111111111111111111111111111011101111110011        0    
729          1111111111111111111111111111111111111111111111111011101110110011        0    
730          1111111111111111111111111111111111111111111111111011101110110011        0    
731          1111111111111111111111111111111111111111111111111011101101110011        0    
732          1111111111111111111111111111111111111111111111111011111111110011        0    
733          1111111111111111111111111111111111111111111111111011111111110011        0    
734          1111111111111111111111111111111111111111111111111011011101110011        0    
735          1111111111111111111111111111111111111111111111111011011101011111        0    
736          1111111111111111111111111111111111111111111111111011011111011111        0    
737          1111111111111111111111111111111111111111111111111011011110011111        0    
738          1111111111111111111111111111111111111111111111111011011100011111        0    
739          1111111111111111111111111111111111111111111111111010111011011111        0    
740          1111111111111111111111111111111111111111111111111010111111011111        0    
741          1111111111111111111111111111111111111111111111111010111111011011        0    
742          1111111111111111111111111111111111111111111111111010111111011011        0    
743          1111111111111111111111111111111111111111111111111010111111011011        0    
744          1111111111111111111111111111111111111111111111111010111011011011        0    
745          1111111111111111111111111111111111111111111111111010011011010111        0    
746          1111111111111111111111111111111111111111111111111010011011010111        0    
747          1111111111111111111111111111111111111111111111111010011011010111        1    
748          1111111111111111111111111111111111111111111111111010001111010111        1    
749          1111111111111111111111111111111111111111111111111010001111010011        1    
750          1111111111111111111111111111111111111111111111111010001111010011        1    
751          1111111111111111111111111111111111111111110011111010001111010011        0    
752          1111111111111111111111111111111111111111110011111001101100010011        0    
753          1111111111111111111111111111111111111111111011110111101100010011        0    
754          1111111111111111111111111111111111111111111011110111101101010011        3    
755          1111111111111111111111111111111111111111110011110111101101010011        3    
756          1111111111111111111111111111111111110101110011110111101101010011        0    
757          1111111111111111111111111111111111110101110011110111101110010011        0    
758          1111111111111111111111111111111111111011110011110111101110010011        0    
759          1111111111111111111111111111111111111011110011110111001110010011        0    
760          1111111111111111111111111111111111111011110011110111001111010011        0    
761          1111111111111111111111111111111111111111110011111001001111010011        0    
762          1111111111111111111111111111111111111111110011111001011100010011        0    
763          1111111111111111111111111111111111111111111011111001011100010011        0    
764          1111111111111111111111111111111111111111111011111001011101010011        4    
765          111111110011111011011101010011          4    
766          111111110011111010111101010011          4    
767          111111110011111010111110010011          4    
768          111111110011111011111110010011          4    
769          1111111111111111111111111111111111111111111111111011111110010011        0    
770          1111111111111111111111111111111111111111111111111011111111010011        0    
771          1111111111111111111111111111111111111111111111111011111011010011        0    
772          1111111111111111111111111111111111111111111111111011111011010011        1    
773          1111111111111111111111111111111111111111111111111011111110010011        1    
774          1111111111111111111111111111111111111111111111111011111100010011        1    
775          1111111111111111111111111111111111111111111111111011011100010011        1    
776          1111111111111111111111111111111111111111111111111011011101010011        1    
777          1111111111111111111111111111111111111111111111111011010111010011        1    
778          1111111111111111111111111111111111111111111011111011010111010011        0    
779          1111111111111111111111111111111111111111111011111011010111010011        0    
780          1111111111111111111111111111111111111111111011111010010111010011        0    
781          1111111111111111111111111111111111111111111011111010010111010011        0    
782          1111111111111111111111111111111111111111111011111010010111011111        4    
783          1111111111111111111111111111111111111111111011111111110111011111        4    
784          1111111111111111111111111111111111111111110011111111110111011111        4    
785          1111111111111111111111111111111111111111110011111111110111011111        4    
786          1111111111111111111111111111111111111111110011111110110111011111        4    
787          1111111111111111111111111111111111111111111111111110110111011111        0    
788          1111111111111111111111111111111111111111111111111110110110011111        2    
789          1111111111111111111111111111111111111111111111111110110110011111        2    
790          1111111111111111111111111111111110110011110011111110110110011111        0    
791          1111111111111111111111111111111110110011110011111110110111011111        0    
792          1111111111111111111111111111111110110011110011111110010111011111        3    
793          1111111111111111111111111111111110101111110011111110010111011111        0    
794          1111111111111111111111111111111110101111110011111110011110011111        0    
795          1111111111111111111111111111111110101101110011111111011110011111        0    
796          1111111111111111111111111111111110101101111011111111011110011111        0    
797          1111111111111111111111111111111110101101111011111111011110011111        0    
798          1111111111111111111111111111111110101101111011111110011110011111        0    
799          1111111111111111111111111111111110101101110011111110011110011111        4    
800          1111111111111111111111111111111110101101110011111111111110010011        4    
801          1111111111111111111111111111111110101101110011111111111110010011        4    
802          1111111111111111111111111111111111111111111111111111111110010011        0    
803          1111111111111111111111111111111111111111111111111111111110010011        0    
804          1111111111111111111111111111111111111111111111111111111100010011        0    
805          1111111111111111111111111111111111111111111111111111111100010011        0    
806          1111111111111111111111111111111111111111111111111111111101010010        0    
807          1111111111111111111111111111111111111111111111111111111011010010        2    
808          1111111111111111111111111111111110101111001011111111011011010010        0    
809          1111111111111111111111111111111110101111001011111111011010010010        0    
810          1111111111111111111111111111111110101111101011111111011110010010        0    
811          1111111111111111111111111111111110110111101011111111111110010010        0    
812          1111111111111111111111111111111110110111101011111111111111010010        0    
813          1111111111111111111111111111111110110111001011111111111111010010        0    
814          1111111111111111111111111111111110110111001011111111011111010010        0    
815          1111111111111111111111111111111110110111001011111111011111010110        0    
816          1111111111111111111111111111111110110111101011111111011011010110        0    
817          1111111111111111111111111111111110111111101011111011111011010110        1    
818          1111111111111111111111111111111110111111101011111011111011010110        1    
819          1111111111111111111111111111111110111001001011111011111011010110        1    
820          1111111111111111111111111111111110111101001011111011111011010110        1    
821          1111111111111111111111111111111110111101001011111011111011011010        1    
822          1111101001011111011111111011010         1    
823          1111111111111111111111111111111111111111111100011011111111011010        0    
824          1111111111111111111111111111111111111111111100011011111111011010        0    
825          1111111111111111111111111111111111111111111100011011111111011010        0    
826          1111111111111111111111111111111111111111111100011011111111011010        0    
827          1111111111111111111111111111111111111111111100011011111100011010        0    
828          1111111111111111111111111111111111111111111100011011111100011010        0    
829          1111111111111111111111111111111111111111111100111011111100011010        0    
830          1111111111111111111111111111111111111111111100111011111101011010        0    
831          1111111111111111111111111111111111111111111100111011111101011010        0    
832          1111111111111111111111111111111111111111111100111011111101011010        0    
833          1111111111111111111111111111111111111111111100111011111110011010        0    
834          1111111111111111111111111111111111111111111100111111111110011010        0    
835          1111111111111111111111111111111111111111111101011111111110011010        0    
836          1111111111111111111111111111111111111111111101011111111110011010        0    
837          1111111111111111111111111111111111111111111101011111111110011010        0    
838          1111111111111111111111111111111111111111111101011111111110011010        0    
839          1111111111111111111111111111111111111111111101011111111110011010        0    
840          1111111111111111111111111111111111111111111101011111111110010110        0    
841          1111111111111111111111111111111111111111111101011111111110010110        0    
842          1111111111111111111111111111111111111111110101011111011110010110        0    
843          1111111111111111111111111111111111111111110101011111011110010110        0    
844          1111111111111111111111111111111111111111110101011111011110010110        0    
845          1111111111111111111111111111111111111111111101011110111110010110        0    
846          1111111111111111111111111111111111111111111101011110111110010010        0    
847          1111111111111111111111111111111111111111111101011011111110010010        0    
848          1111111111111111111111111111111111111111110101011011011110010010        0    
849          1111111111111111111111111111111111111111110101011011011110010010        0    
850          1111111111111111111111111111111111111111110101011010011110010010        0    
851          1111111111111111111111111111111111111111110101011010011110010010        0    
852          1111111111111111111111111111111111111111110101011010011110011110        0    
853          1111111111111111111111111111111111111111110101011011011110011110        0    
854          1111111111111111111111111111111111111111110100111011011110011110        0    
855          1111111111111111111111111111111111111111110100111011011110011110        0    
856          1111111111111111111111111111111111111111110100111010011110011110        0    
857          1111111111111111111111111111111111111111110100111010011110011110        0    
858          1111111111111111111111111111111111111111110100111010011110011010        0    
859          1111111111111111111111111111111111111111110100101111011110011010        0    
860          1111111111111111111111111111111111111111110100101111111110011010        2    
861          1111111111111111111111111111111111111111110100101111111110011010        2    
862          1111111111111111111111111111111111111111110100101111111110011010        2    
863          1101000110100101111111110011010         0    
864          1101000110100101111011110011010         0    
865          1101000110100101111011110010110         0    
866          1100111110100101111011110010110         0    
867          111111110100101111011110010110          0    
868          111111110100101110111110010110          0    
869          111111110100101110111110010110          1    
870          111111110100101110111110010110          1    
871          111111110100101110111110010110          1    
872          111111110100101110011110010110          1    
873          111111110100101110011110010010          1    
874          111110110100101110011110010010          1    
875          1111111111111111111111111111111111111111111100101111111110010010        0    
876          1111111111111111111111111111111111111111111100101111111111010010        0    
877          1111111111111111111111111111111111111111111100101111111111010010        0    
878          1111111111111111111111111111111111111111110100101111111111010010        0    
879          1111111111111111111111111111111111111111110100101111011111010010        0    
880          1111111111111111111111111111111111111111110100101111011110010010        0    
881          1111111111111111111111111111111111111111110100101111011110010010        0    
882          1111111111111111111111111111111111111111111100101111011110010010        2    
883          1111111111111111111111111111111111111111111100101110111011010010        2    
884          1111111111111111111111111111111111111111111100101111111011010010        2    
885          110101001100101111111011010010          0    
886          110101001100101111011011010110          0    
887          110101101100101111011111010110          0    
888          110101101100101111011111010110          0    
889          110101101100101111111111010110          0    
890          110101101100101111111111010110          0    
891          110101101100101111111111010110          0    
892          111101101100101111111111010110          0    
893          111101101100101111011110010110          0    
894          101101101100101111011010010110          0    
895          101101110100101111011010010110          0    
896          101101110100101111111001010110          0    
897          1111111111111111111111111111111111111101110100101111111011010110        0    
898          1111111111111111111111111111111111111101111100101111111011010110        0    
899          1111111111111111111111111111111111111101111100111111111010010110        0    
900          1111111111111111111111111111111111101101111100111111111100010110        0    
901          1111111111111111111111111111111111101101100100111111111100010110        0    
902          1111111111111111111111111111111111101101100100101111111100010110        0    
903          1111111111111111111111111111111111101101100100101111111100010110        0    
904          1111111111111111111111111111111111111101100100101111111110010110        0    
905          1111111111111111111111111111111111111101101100101111111110010110        0    
906          1111111111111111111111111111111111111101101011111111111110010010        0    
907          1111111111111111111111111111111111101101101011111111111000010010        0    
908          1111111111111111111111111111111111101101110011111111111000010010        0    
909          1111111111111111111111111111111111101101110011101111110111010010        0    
910          1111111111111111111111111111111110111101110011101111110111010010        0    
911          1111111111111111111111111111111110111101111011101111110111010010        0    
912          1111111111111111111111111111111110111101111011111111110110010010        0    
913          1111111111111111111111111111111110111101111011111111110110010010        0    
914          1111111111111111111111111111111110111111000011111111110110010010        0    
915          1111111111111111111111111111111110111111000011101111110110010010        0    
916          1111111111111111111111111111111110111111000011101111110101010010        0    
917          1111111111111111111111111111111110111111100011101111110111010010        0    
918          1111111111111111111111111111111110111111101011101111110111010010        0    
919          1111111111111111111111111111111110111111101011101111110111010110        3    
920          1111111111111111111111111111111110111110001010111111111101010110        3    
921          1111111111111111111111111111111110111110010010111111111101010110        0    
922          1111111111111111111111111111111110111110010010111111111101010110        0    
923          1111111111111111111111111111111110111110110010111101111101010110        0    
924          1111111111111111111111111111111110111110111010111101111101010110        2    
925          1111111111111111111111111111111110111110111010111101111101011010        2    
926          1111111111111111111111111111111110111111011010111101111101011010        2    
927          1111111111111111111111111111111110111111110010111101111101011010        2    
928          1111111111111111111111111111111110111111110010111111111101011010        2    
929          1111111111111111111111111111111110111111110010111110111101011010        2    
930          1111111111111111111111111111111110110111100010111110111101011010        0    
931          1111111111111111111111111111111110110111100010111110111101011110        0    
932          1111111111111111111111111111111110110111100010111110111111011110        0    
933          1111111111111111111111111111111110111110100010111110111111011110        0    
934          1111111111111111111111111111111110111110100010111110111110011110        0    
935          1111111111111111111111111111111110111110100010111111111100011110        0    
936          1111111111111111111111111111111110111010100010111111111100011110        1    
937          1111111111111111111111111111111110111010100010111111111111011110        1    
938          1111111111111111111111111111111110111010100010111111111111011110        1    
939          1111111111111111111111111111111111111111111010111111111111011110        0    
940          1111111111111111111111111111111111111111111010111110111110011110        0    
941          1111111111111111111111111111111111111111111010111101111110011110        0    
942          1111111111111111111111111111111111111111110010111101111110011110        0    
943          1111111111111111111111111111111111111111110010111101111111011110        0    
944          1111111111111111111111111111111111111111110010111100111111011110        0    
945          1111111111111111111111111111111111111111111010111100111111011110        0    
946          1111111111111111111111111111111111111111111010111100111110011110        0    
947          1111111111111111111111111111111111111111111010111011111110011110        0    
948          1111111111111111111111111111111111111111111010111011111110011110        0    
949          1111111111111111111111111111111111111111111010111011111110011110        0    
950          1111111111111111111111111111111111111111111010111011101111011110        0    
951          1111111111111111111111111111111111111111111010111011101111011110        0    
952          1111111111111111111111111111111111111111111010111011101111011110        0    
953          1111111111111111111111111111111111111111111010111011101111011110        0    
954          1111111111111111111111111111111111111111111010111011101110011110        0    
955          1111111111111111111111111111111111111111111010111011101110011110        2    
956          1111111111111111111111111111111111111111111010111011101110011110        2    
957          1111111111111111111111111111111111111111111010111011101110011110        2    
958          1111111111111111111111111111111111111111111011001011101110011110        2    
959          1111111111111111111111111111111111111111111011001010101110011110        2    
960          1111111111111111111111111111111111101010111011101010101110011110        0    
961          1111111111111111111111111111111111101010111011101010101110011110        0    
962          1111111111111111111111111111111111101010111011111010101110010010        0    
963          1111111111111111111111111111111111101110111011111010111110010010        0    
964          1111111111111111111111111111111111101111111011111010111110010010        0    
965          1111111111111111111111111111111111101111111011111010111110010010        0    
966          1111111111111111111111111111111111101111111011101010111110010010        0    
967          1111111111111111111111111111111111101011111011101010111110010010        0    
968          1111111111111111111111111111111111101011111011101010111110010010        0    
969          1111111111111111111111111111111111101011111011101010111111010010        0    
970          1111111111111111111111111111111111101011111011101010111111010010        0    
971          1111111111111111111111111111111111101011100011101010111101010010        0    
972          1111111111111111111111111111111111111011100011101010111101010010        0    
973          1111111111111111111111111111111111111011100011101010111100010010        0    
974          1111111111111111111111111111111111111011100011101011111100010010        0    
975          1111111111111111111111111111111111111011101011101011111110010010        1    
976          1111111111111111111111111111111111101011101011101011111110010010        1    
977          1111111111111111111111111111111111101011101011101011111111010010        1    
978          1111111111111111111111111111111111101011101011101011111111010010        1    
979          1111111111111111111111111111111111101011110011101011111011010010        1    
980          1111111111111111111111111111111111111111110011101011111011010010        0    
981          1111111111111111111111111111111111111111110011101011111011010110        0    
982          1111111111111111111111111111111111111111110011101100111011010110        0    
983          1111111111111111111111111111111111111111111011101111111011010110        0    
984          1111111111111111111111111111111111111111111011101111111011010110        0    
985          1111111111111111111111111111111111111111111011101111111011010110        0    
986          1111111111111111111111111111111111111111111011101111111011010110        0    
987          1111111111111111111111111111111111111111110011101110111011010110        4    
988          1111111111111111111111111111111111111111110011101110111011010110        4    
989          1111111111111111111111111111111111111111110011101110111011011010        4    
990          1111111111111111111111111111111111111111110011101111111011011010        4    
991          1111111111111111111111111111111111111111110011101101111011011010        4    
992          1111111111111111111111111111111111111111111111101101111011011010        0    
993          1111111111111111111111111111111111111111111111101101111011011010        0    
994          1111111111111111111111111111111111111111111111101101111111011010        0    
995          1111111111111111111111111111111111111111111111101101111111011010        0    
996          1111111111111111111111111111111111111111111111101101111110011010        0    
997          1111111111111111111111111111111111111111111111101111111110011010        0    
998          1111111111111111111111111111111111111111111111101111111110011010        0    
999          1111111111111111111111111111111111111111111111101111111110011010        0    
1000         1111111111111111111111111111111111111111111111101111111101011010        0    
1001         1111111111111111111111111111111111111111111111101111111011011010        1    
1002         1111111111111111111111111111111111111111111111101111111011011010        1    
1003         1111111111111111111111111111111111111111111111101111111010011010        1    
